<?xml version="1.0"?>
<opencv_storage>
<calibration_Time>l</calibration_Time>
<nrOfFrames>13</nrOfFrames>
<image_Width>1280</image_Width>
<image_Height>720</image_Height>
<board_Width>14</board_Width>
<board_Height>9</board_Height>
<square_Size>22.</square_Size>
<FixAspectRatio>1.</FixAspectRatio>
<!-- flags:  +fix_aspectRatio +zero_tangent_dist -->
<flagValue>10</flagValue>
<Camera_Matrix type_id="opencv-matrix">
  <rows>3</rows>
  <cols>3</cols>
  <dt>d</dt>
  <data>
    7.3995084379246418e+002 0. 5.8066370546117071e+002 0.
    7.3995084379246418e+002 3.6821136044091730e+002 0. 0. 1.</data></Camera_Matrix>
<Distortion_Coefficients type_id="opencv-matrix">
  <rows>5</rows>
  <cols>1</cols>
  <dt>d</dt>
  <data>
    4.3163894677457737e-002 -9.8739786425701095e-002 0. 0.
    4.5653605780695508e-002</data></Distortion_Coefficients>
<Avg_Reprojection_Error>5.8149112655375512e-001</Avg_Reprojection_Error>
<Per_View_Reprojection_Errors type_id="opencv-matrix">
  <rows>13</rows>
  <cols>1</cols>
  <dt>f</dt>
  <data>
    5.42535543e-001 8.60229015e-001 4.86273557e-001 1.06547332e+000
    5.26930988e-001 3.40534180e-001 5.91423988e-001 6.85599864e-001
    3.56197208e-001 2.97207534e-001 2.63540834e-001 4.83310193e-001
    5.07917583e-001</data></Per_View_Reprojection_Errors>
<!-- a set of 6-tuples (rotation vector + translation vector) for each view -->
<Extrinsic_Parameters type_id="opencv-matrix">
  <rows>13</rows>
  <cols>6</cols>
  <dt>d</dt>
  <data>
    5.0775842276703231e-002 -5.2610136127284872e-002
    2.6472451375169600e-003 -1.1317896874129957e+002
    -8.3949139406893764e+001 2.4204541593234958e+002
    4.9969639361582031e-002 -3.0840743379041208e-001
    4.5474787462636272e-002 -1.5903173228391793e+002
    -9.0438280859334242e+001 2.5811172541061404e+002
    -2.3112270721595324e-001 1.6927285359190802e-002
    1.8772462298611341e-002 -1.5624060495675988e+002
    -9.1984455008434438e+001 2.8406694508931383e+002
    -4.3374995376939000e-002 7.3106501165931190e-003
    -4.5557718426122851e-001 -1.6276315056050211e+002
    -2.1875428022518044e+001 3.7461928447304302e+002
    3.0405530866881365e-002 2.5949148870925406e-002
    3.4143011890860181e-001 -6.4234808049438357e+001
    -1.3833477978287627e+002 3.6116209118934074e+002
    5.8318180574459054e-002 -2.6654962967606288e-001
    3.9757237054875959e-002 -1.0143578922483634e+002
    -8.7055796439715863e+001 2.6506731248603717e+002
    7.4865808970224643e-002 -1.5022420864643588e-001
    -1.3507562413430286e-002 -6.4211200316111077e+000
    -7.5782410394404863e+001 2.7800128232883441e+002
    1.2570238839035375e-001 3.7734109041952185e-001
    -4.9944173276671118e-002 -7.3041395860776817e+001
    -8.5846424599280581e+001 3.5888762489770511e+002
    1.0876835316276671e-001 2.8294544624204571e-001
    -9.5852077908218768e-003 -1.4610183779629313e+002
    -8.4149174274277598e+001 3.5901481612127191e+002
    1.0495532480336789e-001 1.7108915971869257e-001
    3.6007942898800063e-002 -2.2901786840751478e+002
    -9.3805546592787479e+001 3.4424809573728010e+002
    3.1022319225056111e-001 -1.2776190042069509e-002
    1.2268557659351876e-002 -1.5044425104387466e+002
    -8.2746263174675363e+001 2.3531291130311226e+002
    2.9727898085493326e-001 4.3511054407385986e-002
    -4.3632022853530961e-002 -9.5550141981723542e+001
    -6.5078710474697047e+001 2.4402551559190127e+002
    -2.3540808981146769e-001 1.9794763280665009e-001
    3.2307527259551654e-002 -1.0066236277877840e+002
    -9.7636349855285488e+001 3.1762906198091304e+002</data></Extrinsic_Parameters>
<Image_points type_id="opencv-matrix">
  <rows>13</rows>
  <cols>126</cols>
  <dt>"2f"</dt>
  <data>
    2.33212051e+002 1.09499779e+002 3.01936157e+002 1.10717140e+002
    3.70034119e+002 1.12128967e+002 4.37591370e+002 1.13499115e+002
    5.04542999e+002 1.14868820e+002 5.70631714e+002 1.16158714e+002
    6.36383240e+002 1.17404831e+002 7.01368774e+002 1.18540627e+002
    7.65845764e+002 1.19670563e+002 8.29723328e+002 1.20836418e+002
    8.92937561e+002 1.22050140e+002 9.55198059e+002 1.23394463e+002
    1.01667072e+003 1.24813667e+002 1.07702087e+003 1.26562500e+002
    2.34449158e+002 1.78459244e+002 3.02967590e+002 1.79445404e+002
    3.70952515e+002 1.80510468e+002 4.38218140e+002 1.81617142e+002
    5.04666931e+002 1.82740158e+002 5.70573425e+002 1.83770187e+002
    6.35748474e+002 1.84676331e+002 7.00477051e+002 1.85461044e+002
    7.64596558e+002 1.86260208e+002 8.28294495e+002 1.87010239e+002
    8.91255005e+002 1.87963989e+002 9.53555298e+002 1.88836716e+002
    1.01476221e+003 1.89774521e+002 1.07528003e+003 1.91078522e+002
    2.35629715e+002 2.46578949e+002 3.03978729e+002 2.47349304e+002
    3.71721832e+002 2.48142853e+002 4.38649048e+002 2.48958862e+002
    5.04895630e+002 2.49727386e+002 5.70287476e+002 2.50410294e+002
    6.35115845e+002 2.51073135e+002 6.99400635e+002 2.51539825e+002
    7.63367737e+002 2.52030029e+002 8.26755188e+002 2.52542786e+002
    8.89586914e+002 2.53036591e+002 9.51629700e+002 2.53602615e+002
    1.01295483e+003 2.54409134e+002 1.07313855e+003 2.55119873e+002
    2.36877670e+002 3.13873932e+002 3.04918976e+002 3.14349335e+002
    3.72354492e+002 3.14737640e+002 4.39040466e+002 3.15285370e+002
    5.04905334e+002 3.15651917e+002 5.70051514e+002 3.16064056e+002
    6.34451538e+002 3.16401031e+002 6.98478821e+002 3.16661377e+002
    7.62125793e+002 3.16861938e+002 8.25319580e+002 3.17187286e+002
    8.87829529e+002 3.17451294e+002 9.49872070e+002 3.17687042e+002
    1.01088831e+003 3.18165466e+002 1.07111096e+003 3.18550446e+002
    2.38050232e+002 3.80502197e+002 3.05799347e+002 3.80477997e+002
    3.72925415e+002 3.80570160e+002 4.39256622e+002 3.80583160e+002
    5.04930878e+002 3.80617218e+002 5.69685486e+002 3.80701141e+002
    6.33882507e+002 3.80752075e+002 6.97617432e+002 3.80815155e+002
    7.61078186e+002 3.80807831e+002 8.23939697e+002 3.80904358e+002
    8.86282166e+002 3.80984406e+002 9.48110046e+002 3.81095337e+002
    1.00899878e+003 3.81185211e+002 1.06880261e+003 3.81203217e+002
    2.39244492e+002 4.46216705e+002 3.06572296e+002 4.45911133e+002
    3.73470978e+002 4.45496216e+002 4.39569794e+002 4.45237640e+002
    5.04896179e+002 4.44903809e+002 5.69437805e+002 4.44595245e+002
    6.33427307e+002 4.44462311e+002 6.97008789e+002 4.44278778e+002
    7.60101013e+002 4.44111938e+002 8.22746399e+002 4.44010559e+002
    8.84882446e+002 4.43711456e+002 9.46373291e+002 4.43531738e+002
    1.00708807e+003 4.43361542e+002 1.06673914e+003 4.43103729e+002
    2.40452835e+002 5.11272491e+002 3.07682129e+002 5.10594574e+002
    3.74072418e+002 5.10018188e+002 4.39937225e+002 5.09230927e+002
    5.05067474e+002 5.08608124e+002 5.69390625e+002 5.08104492e+002
    6.33245605e+002 5.07507233e+002 6.96427368e+002 5.07203796e+002
    7.59361328e+002 5.06781097e+002 8.21848572e+002 5.06375488e+002
    8.83669373e+002 5.06040924e+002 9.44822021e+002 5.05419128e+002
    1.00545282e+003 5.04901154e+002 1.06478809e+003 5.04262054e+002
    2.42030960e+002 5.75675110e+002 3.08567810e+002 5.74845764e+002
    3.74746002e+002 5.74002258e+002 4.40266815e+002 5.72914734e+002
    5.05167480e+002 5.72040527e+002 5.69350952e+002 5.71175537e+002
    6.32945251e+002 5.70368652e+002 6.96131042e+002 5.69659119e+002
    7.58617493e+002 5.68976196e+002 8.20882141e+002 5.68364563e+002
    8.82390015e+002 5.67539612e+002 9.43328979e+002 5.66758423e+002
    1.00371722e+003 5.65891968e+002 1.06260095e+003 5.64828186e+002
    2.43295563e+002 6.39508911e+002 3.09601532e+002 6.38496460e+002
    3.75303650e+002 6.37385254e+002 4.40519592e+002 6.36190369e+002
    5.05206512e+002 6.35022217e+002 5.69180969e+002 6.33928345e+002
    6.32571045e+002 6.32864746e+002 6.95364746e+002 6.31869019e+002
    7.57973206e+002 6.30889954e+002 8.19709778e+002 6.29933105e+002
    8.81102051e+002 6.28738708e+002 9.41623840e+002 6.27582336e+002
    1.00150934e+003 6.26437988e+002 1.06027539e+003 6.24904602e+002
