<?xml version="1.0"?>
<opencv_storage>
<calibration_Time>""</calibration_Time>
<nrOfFrames>20</nrOfFrames>
<image_Width>640</image_Width>
<image_Height>480</image_Height>
<board_Width>14</board_Width>
<board_Height>9</board_Height>
<square_Size>22.</square_Size>
<FixAspectRatio>1.</FixAspectRatio>
<!-- flags:  +fix_aspectRatio +zero_tangent_dist -->
<flagValue>10</flagValue>
<Camera_Matrix type_id="opencv-matrix">
  <rows>3</rows>
  <cols>3</cols>
  <dt>d</dt>
  <data>
    5.0841726891900953e+002 0. 3.1153803573939138e+002 0.
    5.0841726891900953e+002 2.2854459774800230e+002 0. 0. 1.</data></Camera_Matrix>
<Distortion_Coefficients type_id="opencv-matrix">
  <rows>5</rows>
  <cols>1</cols>
  <dt>d</dt>
  <data>
    6.3934053295854623e-002 -1.9880388868792714e-001 0. 0.
    1.7902775539409815e-001</data></Distortion_Coefficients>
<Avg_Reprojection_Error>7.4744048774257021e-001</Avg_Reprojection_Error>
<Per_View_Reprojection_Errors type_id="opencv-matrix">
  <rows>20</rows>
  <cols>1</cols>
  <dt>f</dt>
  <data>
    2.49652624e-001 5.16741931e-001 7.86852896e-001 9.29686189e-001
    6.30575180e-001 9.13721323e-001 6.14489734e-001 5.18317699e-001
    9.50856209e-001 7.17224896e-001 6.04912281e-001 7.75378585e-001
    8.13965201e-001 5.74306607e-001 9.65460718e-001 9.32827353e-001
    7.35573530e-001 9.48250592e-001 6.38903260e-001 6.73065364e-001</data></Per_View_Reprojection_Errors>
<!-- a set of 6-tuples (rotation vector + translation vector) for each view -->
<Extrinsic_Parameters type_id="opencv-matrix">
  <rows>20</rows>
  <cols>6</cols>
  <dt>d</dt>
  <data>
    6.3928866501676868e-002 -1.6233758338170101e-001
    -7.7998866361840932e-002 -1.2266070953608978e+002
    -8.2161563530763303e+001 2.7294736006848046e+002
    -1.4778196693044310e-001 -6.2111367872382112e-002
    -3.2611409989632405e-002 -1.3885458985970038e+002
    -7.0075874387699415e+001 3.3337901601968616e+002
    -2.9234328341634108e-001 -3.5732052674173689e-002
    -1.1304962564312265e-001 -1.5124892700403191e+002
    -5.8383188362880254e+001 3.8242307304218156e+002
    2.5798830068985085e-001 -1.3053333462570407e-001
    4.7095098355314224e-003 -9.9272915528484290e+001
    -7.5540770501000495e+001 3.3196872710663735e+002
    4.4814784610252345e-001 -1.0542640721008058e-001
    2.4066557399100006e-003 -1.2491414483205290e+002
    -7.0183949601306637e+001 2.7570157874545464e+002
    2.0252595745707244e-001 -5.4983818013354735e-001
    8.6055555269761663e-002 -1.5450182199286198e+002
    -9.9940856444633582e+001 3.5799704669270136e+002
    2.5900717967796888e-001 -4.3387031662176101e-001
    3.7911846725425363e-001 -4.3581767265649518e+001
    -1.0179244279384288e+002 3.1518421159906552e+002
    1.0781264189815444e-001 -2.5914374815435909e-001
    -5.7913213207026815e-001 -1.6339736479483173e+002
    2.8275748448589216e+001 4.0283621113959890e+002
    1.0026965414877130e-001 2.9721250757168616e-001
    2.8617560886765758e-002 -6.5816234082954253e+001
    -7.8059458590586843e+001 4.8569614613115203e+002
    7.5044201194522278e-002 2.6577236871408189e-001
    3.4279048771914877e-001 -4.8261786905779395e+001
    -1.0253704546422988e+002 4.8501408965276511e+002
    9.7086789699759216e-002 1.3238843697647140e-001
    -5.0376191275506654e-001 -1.2805709659926868e+002
    2.0933192509442428e+001 4.9219284373142233e+002
    -7.9262698178981378e-002 -2.0618006522574164e-001
    -1.2519079539251550e+000 -7.8237279642803600e+001
    1.1820612764714711e+002 4.4424566108440075e+002
    -1.3641593137325839e-001 -1.7047102532271632e-001
    -1.7754345088008177e+000 -2.0345149333160442e+000
    1.5205441117202687e+002 4.4653917363927644e+002
    -2.1099790487672457e-001 -1.8555847974752848e-001
    -2.1072303372532772e+000 6.8844002759926752e+001
    1.5017284468977041e+002 4.3751477816389172e+002
    -1.3543005112544458e-002 -2.6684424022973990e-001
    -1.5933601258856414e+000 -9.3555706928632546e+001
    1.1136879754245939e+002 4.1616613675951464e+002
    -2.9183408867523936e-001 -1.2388952202485203e-001
    -3.0120241244642751e+000 1.2962142737849993e+002
    1.3041732838800644e+002 3.9009542703421897e+002
    -1.1218075603788244e-001 -1.7801750634740512e-001
    -2.8303569687213339e+000 5.8512533972450413e+001
    1.5677385552316520e+002 4.0992267367179852e+002
    -7.5001520596004012e-002 -6.2588460040540050e-001
    -3.0190036266430549e+000 1.1084935311962944e+002
    1.0462339025865504e+002 3.3846694393708049e+002
    -9.0664599817030109e-002 -5.6817669636700763e-001
    -2.7498175837197447e+000 9.9807421325161698e+001
    1.2468508020411055e+002 3.3596394686897185e+002
    -3.3229411982273432e-001 2.6505545466530039e-001
    2.7815637095359316e+000 1.6652860634089234e+002
    3.3010255699319039e+001 4.1535973410000184e+002</data></Extrinsic_Parameters>
