<?xml version="1.0"?>
<opencv_storage>
<calibration_Time>l</calibration_Time>
<nrOfFrames>13</nrOfFrames>
<image_Width>640</image_Width>
<image_Height>480</image_Height>
<board_Width>14</board_Width>
<board_Height>9</board_Height>
<square_Size>22.</square_Size>
<FixAspectRatio>1.</FixAspectRatio>
<!-- flags:  +fix_aspectRatio +zero_tangent_dist -->
<flagValue>10</flagValue>
<Camera_Matrix type_id="opencv-matrix">
  <rows>3</rows>
  <cols>3</cols>
  <dt>d</dt>
  <data>
    4.9913490477226821e+002 0. 3.0215094623374875e+002 0.
    4.9913490477226821e+002 2.3807669328500427e+002 0. 0. 1.</data></Camera_Matrix>
<Distortion_Coefficients type_id="opencv-matrix">
  <rows>5</rows>
  <cols>1</cols>
  <dt>d</dt>
  <data>
    6.1761997313359511e-002 -1.8842584702011694e-001 0. 0.
    1.6555451158996082e-001</data></Distortion_Coefficients>
<Avg_Reprojection_Error>4.3033635316123686e-001</Avg_Reprojection_Error>
<Per_View_Reprojection_Errors type_id="opencv-matrix">
  <rows>13</rows>
  <cols>1</cols>
  <dt>f</dt>
  <data>
    3.27640861e-001 4.25487936e-001 4.80324537e-001 3.78282875e-001
    2.89909750e-001 4.48502123e-001 4.43311393e-001 6.01548851e-001
    4.95911449e-001 3.82645816e-001 4.14903820e-001 3.54017615e-001
    4.60278511e-001</data></Per_View_Reprojection_Errors>
<!-- a set of 6-tuples (rotation vector + translation vector) for each view -->
<Extrinsic_Parameters type_id="opencv-matrix">
  <rows>13</rows>
  <cols>6</cols>
  <dt>d</dt>
  <data>
    3.7875893670205614e-002 -3.3305894525880550e-002
    2.8177497994703519e-003 -1.2790010191310084e+002
    -8.7702786069776366e+001 2.6536385540835619e+002
    6.5080162204150624e-002 -3.0476709662651924e-001
    3.9630561314275784e-003 -1.5374550222463114e+002
    -9.1407749458803707e+001 2.9892279793946295e+002
    3.3272457165752461e-001 7.5180420810470744e-002
    5.5733691554866613e-002 -1.6002248475400481e+002
    -1.1687457391649484e+002 3.1875933989025117e+002
    3.3180407821531928e-002 2.7725301974966386e-002
    -2.2182709894979319e-001 -1.5336396943353625e+002
    -5.0293039334538776e+001 3.3974966750681398e+002
    9.1173471613527138e-003 7.8375839677291739e-002
    2.4524878002773529e-001 -1.0648025912017384e+002
    -1.2385932302824429e+002 3.4099143556022312e+002
    6.0816298237870874e-002 -2.2451179298532845e-001
    -8.5666822447521950e-003 -1.1323385561730333e+002
    -9.3602878217386319e+001 3.1111494900953659e+002
    5.5164613980406063e-002 -1.2193888115620387e-001
    -2.6561467577187092e-002 -7.9286097896885551e+001
    -8.2567573898634308e+001 3.2063319810360923e+002
    1.7708880432394229e-003 2.1220347523164187e-001
    -2.5764681593291095e-003 -8.2593431232026802e+001
    -7.3956794623406253e+001 4.0120240079501485e+002
    3.6997347765716643e-002 2.7719224208818510e-001
    3.1385014688037030e-003 -1.2992982482184834e+002
    -1.0313530949525368e+002 3.8354474659003807e+002
    4.1721068876316464e-002 2.1624764571905220e-001
    1.1841344614439290e-003 -1.8353801753241402e+002
    -1.0602033714296194e+002 3.5800037087000874e+002
    -3.0900116158901414e-001 9.5427747376340480e-002
    5.6520820869672096e-003 -1.1796001120815319e+002
    -6.4388886719445836e+001 3.7193170144329633e+002
    -2.7581464075726697e-001 9.4527593437133857e-003
    -7.4899452097898347e-002 -1.6597691170215154e+002
    -6.3434980193362783e+001 3.5117693809484047e+002
    3.2411683730839780e-001 1.5494020917037374e-001
    -7.1211179625493629e-003 -1.1927549009765646e+002
    -1.0732769298866525e+002 3.3399902943330073e+002</data></Extrinsic_Parameters>
<Image_points type_id="opencv-matrix">
  <rows>13</rows>
  <cols>126</cols>
  <dt>"2f"</dt>
  <data>
    6.00638351e+001 7.27363281e+001 1.02262733e+002 7.32949600e+001
    1.44271088e+002 7.36184158e+001 1.86198761e+002 7.43089905e+001
    2.27597916e+002 7.47991409e+001 2.68870483e+002 7.54180222e+001
    3.09878143e+002 7.59188995e+001 3.50700104e+002 7.63157730e+001
    3.91304657e+002 7.67310104e+001 4.31600281e+002 7.71734695e+001
    4.71810303e+002 7.76932678e+001 5.11612946e+002 7.82282944e+001
    5.51242798e+002 7.87491608e+001 5.90418762e+002 7.93750610e+001
    6.05301590e+001 1.14638115e+002 1.02582420e+002 1.15043411e+002
    1.44599045e+002 1.15449814e+002 1.86397202e+002 1.15872513e+002
    2.27766754e+002 1.16360283e+002 2.68788422e+002 1.16750481e+002
    3.09693939e+002 1.17282303e+002 3.50331940e+002 1.17538239e+002
    3.90812714e+002 1.17760056e+002 4.30982910e+002 1.18226028e+002
    4.71241119e+002 1.18460152e+002 5.10978455e+002 1.18866188e+002
    5.50397217e+002 1.19217216e+002 5.89405762e+002 1.19725662e+002
    6.11211739e+001 1.56205856e+002 1.03178375e+002 1.56569183e+002
    1.45038147e+002 1.56826324e+002 1.86610458e+002 1.57264038e+002
    2.27839218e+002 1.57550461e+002 2.68766174e+002 1.57879211e+002
    3.09459717e+002 1.58255188e+002 3.49782776e+002 1.58490570e+002
    3.90255615e+002 1.58585464e+002 4.30366913e+002 1.58791718e+002
    4.70292877e+002 1.59165573e+002 5.10218353e+002 1.59246582e+002
    5.49478394e+002 1.59537445e+002 5.88541870e+002 1.59728104e+002
    6.16392937e+001 1.97571213e+002 1.03602898e+002 1.97778107e+002
    1.45407730e+002 1.98039597e+002 1.86836548e+002 1.98229950e+002
    2.28018921e+002 1.98390259e+002 2.68778046e+002 1.98619720e+002
    3.09254150e+002 1.98828415e+002 3.49522125e+002 1.98876709e+002
    3.89623871e+002 1.99093063e+002 4.29658813e+002 1.99285812e+002
    4.69506409e+002 1.99316284e+002 5.09261810e+002 1.99462891e+002
    5.48572571e+002 1.99549881e+002 5.87625549e+002 1.99745438e+002
    6.23113556e+001 2.38599548e+002 1.04080040e+002 2.38774994e+002
    1.45662003e+002 2.38786316e+002 1.86969543e+002 2.38910324e+002
    2.28094986e+002 2.38899323e+002 2.68666565e+002 2.38908401e+002
    3.08984528e+002 2.39064667e+002 3.49214142e+002 2.39121140e+002
    3.89190399e+002 2.39250488e+002 4.29148071e+002 2.39266846e+002
    4.68860535e+002 2.39347626e+002 5.08396667e+002 2.39360840e+002
    5.47752319e+002 2.39432343e+002 5.86665588e+002 2.39463257e+002
    6.27415237e+001 2.79468750e+002 1.04484901e+002 2.79363800e+002
    1.45906143e+002 2.79351349e+002 1.87110168e+002 2.79201935e+002
    2.28028366e+002 2.79124725e+002 2.68548401e+002 2.79090240e+002
    3.08734528e+002 2.79009460e+002 3.48875549e+002 2.79004242e+002
    3.88700684e+002 2.78974945e+002 4.28588776e+002 2.79082886e+002
    4.68306580e+002 2.78991516e+002 5.07808868e+002 2.79116211e+002
    5.46952209e+002 2.78987610e+002 5.85759338e+002 2.79013824e+002
    6.33157959e+001 3.20150940e+002 1.04803825e+002 3.19942993e+002
    1.46107697e+002 3.19672119e+002 1.87198135e+002 3.19451874e+002
    2.28030106e+002 3.19210449e+002 2.68389099e+002 3.19011902e+002
    3.08601471e+002 3.18864136e+002 3.48527405e+002 3.18785004e+002
    3.88394775e+002 3.18632721e+002 4.28103760e+002 3.18615784e+002
    4.67628876e+002 3.18628082e+002 5.07094604e+002 3.18529999e+002
    5.46009277e+002 3.18379547e+002 5.84667114e+002 3.18213440e+002
    6.37531090e+001 3.60382324e+002 1.05072823e+002 3.60166779e+002
    1.46286987e+002 3.59878662e+002 1.87175308e+002 3.59502716e+002
    2.27848129e+002 3.59207367e+002 2.68226868e+002 3.58807892e+002
    3.08317810e+002 3.58610657e+002 3.48285065e+002 3.58403351e+002
    3.87972839e+002 3.58270538e+002 4.27607147e+002 3.58127502e+002
    4.67038635e+002 3.57907349e+002 5.06295197e+002 3.57727753e+002
    5.45227661e+002 3.57520691e+002 5.83675537e+002 3.57315887e+002
    6.43175659e+001 4.00419525e+002 1.05462151e+002 4.00173828e+002
    1.46477203e+002 3.99734131e+002 1.87179703e+002 3.99393219e+002
    2.27777313e+002 3.98921814e+002 2.68069946e+002 3.98586884e+002
    3.08167511e+002 3.98258423e+002 3.48012573e+002 3.97880005e+002
    3.87634918e+002 3.97600830e+002 4.27168488e+002 3.97419830e+002
    4.66385590e+002 3.97112061e+002 5.05439117e+002 3.96731812e+002
    5.44250183e+002 3.96448517e+002 5.82481628e+002 3.95938934e+002
