<?xml version="1.0"?>
<opencv_storage>
<calibration_Time>""</calibration_Time>
<nrOfFrames>9</nrOfFrames>
<image_Width>1280</image_Width>
<image_Height>720</image_Height>
<board_Width>14</board_Width>
<board_Height>9</board_Height>
<square_Size>22.</square_Size>
<FixAspectRatio>1.</FixAspectRatio>
<!-- flags:  +fix_aspectRatio +zero_tangent_dist -->
<flagValue>10</flagValue>
<Camera_Matrix type_id="opencv-matrix">
  <rows>3</rows>
  <cols>3</cols>
  <dt>d</dt>
  <data>
    7.3918614989046011e+002 0. 6.2046494389544637e+002 0.
    7.3918614989046011e+002 3.5050606445582861e+002 0. 0. 1.</data></Camera_Matrix>
<Distortion_Coefficients type_id="opencv-matrix">
  <rows>5</rows>
  <cols>1</cols>
  <dt>d</dt>
  <data>
    4.3899061395114514e-002 -1.0642378597970187e-001 0. 0.
    5.2513745327626593e-002</data></Distortion_Coefficients>
<Avg_Reprojection_Error>3.5941025298165469e-001</Avg_Reprojection_Error>
<Per_View_Reprojection_Errors type_id="opencv-matrix">
  <rows>9</rows>
  <cols>1</cols>
  <dt>f</dt>
  <data>
    6.54097795e-001 4.90730703e-001 2.79848814e-001 3.55281413e-001
    1.69733450e-001 2.22677901e-001 3.02085072e-001 3.11952800e-001
    1.49719447e-001</data></Per_View_Reprojection_Errors>
<!-- a set of 6-tuples (rotation vector + translation vector) for each view -->
<Extrinsic_Parameters type_id="opencv-matrix">
  <rows>9</rows>
  <cols>6</cols>
  <dt>d</dt>
  <data>
    -4.7347128490398190e-002 1.8922623686903944e-001
    -1.1169324920378478e-001 -4.0922019419393301e+001
    -7.7120624566606239e+001 3.9406917941911234e+002
    9.0190322576063867e-002 -6.8325288251715730e-002
    1.3558876726798419e-001 -7.2034019477184074e+001
    -9.0606466493169961e+001 4.0322005341962932e+002
    1.2292959721282704e-001 -1.6460164791025722e-001
    -7.4628341584195360e-003 -1.2203018751452690e+002
    -1.0081646216899642e+002 3.8251291804958754e+002
    -1.7664466708290633e-001 -2.7901578351765532e-001
    -1.0772488832786797e-001 -6.9716970839232957e+001
    -5.8306214186064871e+001 3.3956155078991605e+002
    -1.0906428136753753e-001 -7.9269522772181349e-003
    -1.3569878344603076e-001 -8.6815490159490068e+001
    -5.9325619622787023e+001 3.7694546618708108e+002
    6.4203416587121753e-002 -3.6328812968487562e-001
    -2.9316732796549294e-001 -2.2003165946302997e+002
    -6.2584071540974456e+001 3.2555213245938660e+002
    -3.0905844626885925e-001 -3.8082385907057359e-001
    2.4479947652285231e-001 -8.8091980550396258e+001
    -8.4557335992795458e+001 3.8489195636136935e+002
    -3.8887883222112646e-001 -2.9871053510239531e-001
    -1.8608324470265863e-001 -1.3018072450667819e+002
    -4.3436476827678312e+001 3.9464293119564940e+002
    -3.2310545195131707e-001 -3.6844728610991068e-001
    -5.7243612718589865e-001 -2.1911474267810570e+002
    -3.7594699515032694e+001 3.6934101957593140e+002</data></Extrinsic_Parameters>
<Image_points type_id="opencv-matrix">
  <rows>9</rows>
  <cols>126</cols>
  <dt>"2f"</dt>
  <data>
    5.43627136e+002 2.05657928e+002 5.83642334e+002 1.99324310e+002
    6.24473694e+002 1.92684647e+002 6.66242554e+002 1.86067368e+002
    7.08666687e+002 1.79309586e+002 7.52409241e+002 1.72149765e+002
    7.96867981e+002 1.64807938e+002 8.42513977e+002 1.57500168e+002
    8.89180359e+002 1.50060379e+002 9.36673828e+002 1.42427444e+002
    9.85285645e+002 1.34756775e+002 1.03463464e+003 1.27191452e+002
    1.08479944e+003 1.19501427e+002 1.13574524e+003 1.11679359e+002
    5.48230347e+002 2.46689316e+002 5.88364746e+002 2.40655350e+002
    6.29272949e+002 2.34655884e+002 6.71182251e+002 2.28459473e+002
    7.13789001e+002 2.21953964e+002 7.58628357e+002 2.15807404e+002
    8.02426575e+002 2.08514450e+002 8.48291626e+002 2.01616409e+002
    8.95123047e+002 1.94534790e+002 9.42920471e+002 1.87540512e+002
    9.91775574e+002 1.80262711e+002 1.04150024e+003 1.72936295e+002
    1.09196667e+003 1.65558487e+002 1.14338733e+003 1.58314896e+002
    5.52546021e+002 2.87632324e+002 5.92910889e+002 2.82143341e+002
    6.33963074e+002 2.76574646e+002 6.75889893e+002 2.70641144e+002
    7.18896362e+002 2.64650757e+002 7.62915344e+002 2.58547913e+002
    8.07891479e+002 2.52413788e+002 8.54131531e+002 2.45786270e+002
    9.01195557e+002 2.39357361e+002 9.49216309e+002 2.32627869e+002
    9.98400391e+002 2.25943832e+002 1.04850378e+003 2.19079285e+002
    1.09935571e+003 2.12212662e+002 1.15108032e+003 2.05141968e+002
    5.56848267e+002 3.28731049e+002 5.97443237e+002 3.23625610e+002
    6.38645508e+002 3.18430176e+002 6.80772705e+002 3.13168823e+002
    7.24011292e+002 3.07569305e+002 7.68231934e+002 3.01852570e+002
    8.13435242e+002 2.96114960e+002 8.59757568e+002 2.90369537e+002
    9.07230408e+002 2.84192200e+002 9.55560913e+002 2.78062256e+002
    1.00498651e+003 2.71748016e+002 1.05542871e+003 2.65435852e+002
    1.10659583e+003 2.58877228e+002 1.15854553e+003 2.52512512e+002
    5.60997009e+002 3.70229248e+002 6.01611145e+002 3.65467407e+002
    6.43229370e+002 3.60597809e+002 6.85487183e+002 3.55642639e+002
    7.28849487e+002 3.50639496e+002 7.73356506e+002 3.45529755e+002
    8.18871643e+002 3.40396088e+002 8.65453918e+002 3.34737396e+002
    9.13175049e+002 3.29384155e+002 9.61749634e+002 3.23670746e+002
    1.01157745e+003 3.17880829e+002 1.06225330e+003 3.12061768e+002
    1.11371863e+003 3.06126709e+002 1.16609241e+003 2.99916687e+002
    5.64825195e+002 4.11797241e+002 6.05668335e+002 4.07531036e+002
    6.47467224e+002 4.03227875e+002 6.90035339e+002 3.98672791e+002
    7.33597839e+002 3.94222839e+002 7.78333740e+002 3.89478577e+002
    8.24083496e+002 3.84681305e+002 8.70958618e+002 3.79810211e+002
    9.18787720e+002 3.74759247e+002 9.67788330e+002 3.69682709e+002
    1.01775586e+003 3.64459320e+002 1.06875964e+003 3.59153900e+002
    1.12057007e+003 3.53552277e+002 1.17327612e+003 3.48003021e+002
    5.68659119e+002 4.54176422e+002 6.09687683e+002 4.50263184e+002
    6.51607727e+002 4.46313446e+002 6.94576965e+002 4.42334137e+002
    7.38387573e+002 4.38233612e+002 7.83267456e+002 4.34031616e+002
    8.29182434e+002 4.29638519e+002 8.76317688e+002 4.25467194e+002
    9.24309692e+002 4.20895935e+002 9.73527405e+002 4.16354462e+002
    1.02374243e+003 4.11530273e+002 1.07500574e+003 4.06613495e+002
    1.12705652e+003 4.01614136e+002 1.17980969e+003 3.96432434e+002
    5.72556702e+002 4.96566010e+002 6.13752991e+002 4.93236511e+002
    6.55850586e+002 4.89585785e+002 6.99092041e+002 4.86229401e+002
    7.43111816e+002 4.82517181e+002 7.88217407e+002 4.78959473e+002
    8.34411621e+002 4.75342194e+002 8.81571960e+002 4.71430756e+002
    9.29849609e+002 4.67508514e+002 9.79344055e+002 4.63445282e+002
    1.02963501e+003 4.59285492e+002 1.08090210e+003 4.54790344e+002
    1.13321313e+003 4.50341827e+002 1.18615320e+003 4.45639160e+002
    5.76433167e+002 5.39500916e+002 6.17892456e+002 5.36548157e+002
    6.60332825e+002 5.33518799e+002 7.03525024e+002 5.30494751e+002
    7.47760498e+002 5.27388611e+002 7.93208191e+002 5.24318237e+002
    8.39502258e+002 5.20993652e+002 8.86906189e+002 5.17692322e+002
    9.35497742e+002 5.14308655e+002 9.85020996e+002 5.10649017e+002
    1.03559106e+003 5.07104767e+002 1.08698035e+003 5.03300842e+002
    1.13943347e+003 4.99294342e+002 1.19254504e+003 4.95034790e+002
    4.88130829e+002 1.82877716e+002 5.28432617e+002 1.89038483e+002
    5.68492004e+002 1.95190308e+002 6.08188965e+002 2.01258408e+002
    6.47485962e+002 2.07167374e+002 6.86557312e+002 2.13042435e+002
    7.25404419e+002 2.18738281e+002 7.63804932e+002 2.24489304e+002
    8.02224243e+002 2.30231964e+002 8.40169006e+002 2.35812454e+002
    8.77731506e+002 2.41502228e+002 9.15372620e+002 2.47098633e+002
    9.52410889e+002 2.52544937e+002 9.89154175e+002 2.58207977e+002
    4.82994843e+002 2.23676453e+002 5.23283691e+002 2.29760635e+002
    5.63084106e+002 2.35623215e+002 6.02567322e+002 2.41537628e+002
    6.41659241e+002 2.47298889e+002 6.81489502e+002 2.53583038e+002
