<?xml version="1.0"?>
<opencv_storage>
<calibration_Time>l</calibration_Time>
<nrOfFrames>13</nrOfFrames>
<image_Width>1280</image_Width>
<image_Height>720</image_Height>
<board_Width>14</board_Width>
<board_Height>9</board_Height>
<square_Size>22.</square_Size>
<FixAspectRatio>1.</FixAspectRatio>
<!-- flags:  +fix_aspectRatio +zero_tangent_dist -->
<flagValue>10</flagValue>
<Camera_Matrix type_id="opencv-matrix">
  <rows>3</rows>
  <cols>3</cols>
  <dt>d</dt>
  <data>
    7.4633120846413158e+002 0. 6.7876975690734184e+002 0.
    7.4633120846413158e+002 3.2040495342223704e+002 0. 0. 1.</data></Camera_Matrix>
<Distortion_Coefficients type_id="opencv-matrix">
  <rows>5</rows>
  <cols>1</cols>
  <dt>d</dt>
  <data>
    5.6535023343037796e-002 -1.2798560465689060e-001 0. 0.
    7.2573486551834307e-002</data></Distortion_Coefficients>
<Avg_Reprojection_Error>5.1963865659942077e-001</Avg_Reprojection_Error>
<Per_View_Reprojection_Errors type_id="opencv-matrix">
  <rows>13</rows>
  <cols>1</cols>
  <dt>f</dt>
  <data>
    6.40689254e-001 4.21205342e-001 5.13579965e-001 2.99240917e-001
    8.51951003e-001 4.59298909e-001 5.42473555e-001 1.46711022e-001
    3.96400571e-001 4.56390470e-001 3.64194959e-001 7.43755758e-001
    5.15069187e-001</data></Per_View_Reprojection_Errors>
<!-- a set of 6-tuples (rotation vector + translation vector) for each view -->
<Extrinsic_Parameters type_id="opencv-matrix">
  <rows>13</rows>
  <cols>6</cols>
  <dt>d</dt>
  <data>
    4.4559648144513936e-002 -3.4898348648053606e-002
    -3.7204174535479424e-003 -1.5532102568031735e+002
    -6.9221306049473810e+001 2.4057643677776494e+002
    4.0040551752849513e-002 -4.8178361717115331e-001
    4.3032994455701051e-002 -1.7279115979205528e+002
    -7.3832994664956743e+001 2.4285676746563917e+002
    1.9115071567139924e-001 -1.3542631960501950e-001
    3.1117228002523017e-002 -1.6647807532985465e+002
    -5.7076320914702123e+001 2.4392794173081586e+002
    3.5446239116215576e-002 -1.1183568615288807e-001
    -1.5970145398422655e-001 -1.6951258105505707e+002
    -4.8911092629384044e+001 2.7871096604061523e+002
    2.4230233153534585e-002 -8.0903677854337427e-002
    2.1427243762197415e-001 -1.3973027276144165e+002
    -8.9702687155335596e+001 2.9641493212902384e+002
    3.6698852369698783e-002 -3.9046212794959795e-001
    3.5589461099163958e-002 -1.0134111919773973e+002
    -6.6717109210178805e+001 2.7869243101758167e+002
    2.4645287558766091e-002 -2.8432691232616703e-001
    6.7714564729158284e-004 -2.0510044741166912e+001
    -4.7298348617530330e+001 2.9027241601133704e+002
    8.1466587138348895e-002 3.7249056524850022e-001
    -4.2216009636965965e-002 -1.0962115684010263e+002
    -6.5228587179379915e+001 3.5599235197504765e+002
    6.4936049806597063e-002 3.0820022743338904e-001
    -1.4800429209673933e-002 -1.7106357222461136e+002
    -5.7629552169839855e+001 3.6526125835901217e+002
    6.6292560090643091e-002 1.9935775334643158e-001
    1.4945061129013219e-002 -2.8230750653846280e+002
    -6.3508990547498023e+001 3.4517060318653546e+002
    -2.5253320708291221e-001 -1.2830200103666325e-001
    -1.6818917005506803e-002 -2.1564416086860840e+002
    -7.6567531107486730e+001 3.0209756911558532e+002
    -2.4149985078075900e-001 -5.8929028853536361e-003
    2.5166289179008490e-002 -1.0347542059500054e+002
    -7.0290801017162877e+001 3.2102222001847730e+002
    2.1565324541314954e-001 -7.6704952417865527e-002
    -3.1432705433215365e-002 -1.0091008022792727e+002
    -5.5180206656230013e+001 2.5073863472891657e+002</data></Extrinsic_Parameters>
<Image_points type_id="opencv-matrix">
  <rows>13</rows>
  <cols>126</cols>
  <dt>"2f"</dt>
  <data>
    1.94334290e+002 1.04829025e+002 2.63817047e+002 1.04859016e+002
    3.33130310e+002 1.05120499e+002 4.02612854e+002 1.05596664e+002
    4.71475006e+002 1.06000397e+002 5.39759949e+002 1.06658005e+002
    6.07486328e+002 1.06880585e+002 6.74730286e+002 1.07526001e+002
    7.41511719e+002 1.07617729e+002 8.08098877e+002 1.07634094e+002
    8.74327271e+002 1.07712982e+002 9.40165527e+002 1.07864510e+002
    1.00540656e+003 1.08289085e+002 1.07030457e+003 1.08440086e+002
    1.96474243e+002 1.74178879e+002 2.65659424e+002 1.74036728e+002
    3.35134369e+002 1.74209229e+002 4.04118622e+002 1.74343216e+002
    4.72773102e+002 1.74609131e+002 5.40755249e+002 1.74821686e+002
    6.08276123e+002 1.75264450e+002 6.75097351e+002 1.75459290e+002
    7.41427734e+002 1.75386124e+002 8.07495667e+002 1.75218094e+002
    8.73536255e+002 1.75063354e+002 9.39288635e+002 1.74907791e+002
    1.00449792e+003 1.74895172e+002 1.06904639e+003 1.74983261e+002
    1.98263870e+002 2.42767151e+002 2.67658722e+002 2.42848602e+002
    3.36742279e+002 2.42566681e+002 4.05599182e+002 2.42568695e+002
    4.73892059e+002 2.42588196e+002 5.41700073e+002 2.42558319e+002
    6.08766296e+002 2.42589203e+002 6.75295532e+002 2.42411346e+002
    7.41196899e+002 2.42193207e+002 8.07043152e+002 2.41838531e+002
    8.72653137e+002 2.41638245e+002 9.38299072e+002 2.41412476e+002
    1.00328802e+003 2.41069992e+002 1.06793848e+003 2.40851639e+002
    2.00511002e+002 3.11262878e+002 2.69350189e+002 3.10813599e+002
    3.38386322e+002 3.10468506e+002 4.06803253e+002 3.10184601e+002
    4.75049957e+002 3.09795807e+002 5.42471802e+002 3.09427856e+002
    6.09302490e+002 3.09090515e+002 6.75401978e+002 3.08701050e+002
    7.41108948e+002 3.08450500e+002 8.06564392e+002 3.08042603e+002
    8.72019714e+002 3.07657349e+002 9.37445801e+002 3.07362793e+002
    1.00218610e+003 3.06914825e+002 1.06658240e+003 3.06604858e+002
    2.02457397e+002 3.78630646e+002 2.71086121e+002 3.78287201e+002
    3.39579865e+002 3.77627686e+002 4.07845886e+002 3.77122803e+002
    4.75822937e+002 3.76328461e+002 5.43253296e+002 3.75570648e+002
    6.09648865e+002 3.74880219e+002 6.75544067e+002 3.74362000e+002
    7.40986206e+002 3.73810120e+002 8.06394592e+002 3.73472443e+002
    8.71413147e+002 3.73044617e+002 9.36643372e+002 3.72561920e+002
    1.00130048e+003 3.72191956e+002 1.06542224e+003 3.71575073e+002
    2.04429901e+002 4.45545868e+002 2.72715851e+002 4.44750580e+002
    3.40890472e+002 4.44090576e+002 4.08760284e+002 4.43224304e+002
    4.76392792e+002 4.42296570e+002 5.43441650e+002 4.41287292e+002
    6.09842407e+002 4.40348633e+002 6.75543213e+002 4.39458862e+002
    7.40887634e+002 4.38824432e+002 8.06230408e+002 4.38385590e+002
    8.71187805e+002 4.37783600e+002 9.35807373e+002 4.37381165e+002
    1.00019434e+003 4.36715088e+002 1.06400952e+003 4.36017029e+002
    2.06059845e+002 5.11511414e+002 2.74175018e+002 5.10685211e+002
    3.42056274e+002 5.09623444e+002 4.09717163e+002 5.08658539e+002
    4.76788452e+002 5.07578094e+002 5.43603210e+002 5.06470612e+002
    6.09871216e+002 5.05365845e+002 6.75546570e+002 5.04415802e+002
    7.40721741e+002 5.03523346e+002 8.05718567e+002 5.02861084e+002
    8.70521057e+002 5.02305511e+002 9.35222961e+002 5.01537170e+002
    9.99074036e+002 5.00694336e+002 1.06285986e+003 4.99937195e+002
    2.07931519e+002 5.76752625e+002 2.75600250e+002 5.75847229e+002
    3.43200684e+002 5.74957581e+002 4.10417084e+002 5.73725037e+002
    4.77428650e+002 5.72561462e+002 5.43797119e+002 5.71423401e+002
    6.09882568e+002 5.70224670e+002 6.75439270e+002 5.69121765e+002
    7.40586670e+002 5.68026672e+002 8.05478699e+002 5.67250732e+002
    8.70007996e+002 5.66320435e+002 9.34299500e+002 5.65436646e+002
    9.97974548e+002 5.64439819e+002 1.06141785e+003 5.63487976e+002
    2.10181641e+002 6.41258118e+002 2.76981049e+002 6.40600708e+002
    3.44224121e+002 6.39429504e+002 4.11137543e+002 6.38272278e+002
    4.77766998e+002 6.37038391e+002 5.43839478e+002 6.35708557e+002
    6.09962891e+002 6.34432129e+002 6.75238586e+002 6.33166443e+002
    7.40252747e+002 6.31893860e+002 8.04979675e+002 6.30906982e+002
    8.69340515e+002 6.29814819e+002 9.33281616e+002 6.28730042e+002
    9.96650879e+002 6.27508179e+002 1.05972192e+003 6.26297180e+002
