<?xml version="1.0"?>
<opencv_storage>
<calibration_Time>l</calibration_Time>
<nrOfFrames>13</nrOfFrames>
<image_Width>1280</image_Width>
<image_Height>720</image_Height>
<board_Width>14</board_Width>
<board_Height>9</board_Height>
<square_Size>22.</square_Size>
<FixAspectRatio>1.</FixAspectRatio>
<!-- flags:  +fix_aspectRatio +zero_tangent_dist -->
<flagValue>10</flagValue>
<Camera_Matrix type_id="opencv-matrix">
  <rows>3</rows>
  <cols>3</cols>
  <dt>d</dt>
  <data>
    8.7608814935080807e+002 0. 6.2910993580815466e+002 0.
    8.7608814935080807e+002 3.6954734158744986e+002 0. 0. 1.</data></Camera_Matrix>
<Distortion_Coefficients type_id="opencv-matrix">
  <rows>5</rows>
  <cols>1</cols>
  <dt>d</dt>
  <data>
    6.0483921667605994e-002 -1.1986693448422070e-001 0. 0.
    6.3284669499760512e-002</data></Distortion_Coefficients>
<Avg_Reprojection_Error>6.2095521576934665e-001</Avg_Reprojection_Error>
<Per_View_Reprojection_Errors type_id="opencv-matrix">
  <rows>13</rows>
  <cols>1</cols>
  <dt>f</dt>
  <data>
    1.01716101e+000 9.82987046e-001 4.90505636e-001 2.62131333e-001
    3.33649307e-001 6.70892537e-001 5.23920476e-001 6.00076258e-001
    7.66965926e-001 5.16497850e-001 3.65435600e-001 3.65536779e-001
    6.19880080e-001</data></Per_View_Reprojection_Errors>
<!-- a set of 6-tuples (rotation vector + translation vector) for each view -->
<Extrinsic_Parameters type_id="opencv-matrix">
  <rows>13</rows>
  <cols>6</cols>
  <dt>d</dt>
  <data>
    3.3243139951869338e-002 -5.0822102180947126e-002
    3.8786789076624907e-003 -1.4425125528611454e+002
    -8.3543105476030760e+001 2.9835695335391330e+002
    7.1930391478093700e-002 -1.2001925202601192e-001
    -1.1853010048158580e-001 -1.9653172042737486e+002
    -7.2756438082329922e+001 3.2186017831019086e+002
    -7.5116603545662811e-002 -5.1607752314657918e-001
    2.7990350352562127e-001 -7.7542082303318622e+001
    -1.0999463687293058e+002 3.6618657901059049e+002
    -5.3399331330392590e-002 2.8243649515194647e-001
    -1.7375964639382610e-001 -2.0773434954344293e+002
    -4.8313367794534955e+001 4.1664691427431984e+002
    2.1729904155929136e-001 4.0086432489734508e-001
    5.1018195345782846e-001 -4.4493237912792019e+001
    -1.5935835271469972e+002 4.9350382026652073e+002
    9.1477689029227718e-002 -3.9397827722230105e-002
    -1.4314507593636758e-001 -7.9811816031423817e+001
    -6.0297734411176222e+001 3.3439944571405283e+002
    1.2763985825106122e-001 3.0839036669696888e-002
    1.7003256496478658e-001 -4.7003311940593953e+001
    -1.2083345880368547e+002 3.7126038361091577e+002
    1.1417434693664760e-001 -1.1207293586885329e-002
    1.7529141649751651e-001 -9.5688606200029838e+001
    -1.0903389627312947e+002 3.5887858109505640e+002
    1.3361403359585872e-001 -7.9471204390984831e-002
    2.0656839754374912e-001 -1.8777325696567169e+002
    -1.0841368486609450e+002 3.3516099085217490e+002
    3.0581871501062163e-001 5.8533502435856432e-003
    -1.1036642211167175e-002 -1.4324449220754462e+002
    -8.6345140530633671e+001 3.3364731857466472e+002
    -2.3498645018744194e-001 -6.5757101592197081e-002
    1.1187263702053972e-002 -1.6031787024022958e+002
    -7.7456525385595342e+001 3.8543317562694693e+002
    4.1200893047004576e-002 4.6235960377280594e-001
    8.7943499186095876e-003 -7.0906426342764632e+001
    -1.0223569573723758e+002 4.5804964378296313e+002
    3.5670733808022430e-002 -5.1634875313421247e-001
    5.2919231106512810e-002 -1.7875705349687914e+002
    -9.3110563515801019e+001 3.2134235611351926e+002</data></Extrinsic_Parameters>
<Image_points type_id="opencv-matrix">
  <rows>13</rows>
  <cols>126</cols>
  <dt>"2f"</dt>
  <data>
    2.00938873e+002 1.22645752e+002 2.67644409e+002 1.23752113e+002
    3.33980621e+002 1.25275703e+002 3.99704895e+002 1.26560272e+002
    4.64858917e+002 1.27873039e+002 5.29339417e+002 1.29089966e+002
    5.93207642e+002 1.30388031e+002 6.56506775e+002 1.31436417e+002
    7.19395386e+002 1.32478882e+002 7.81617554e+002 1.33427765e+002
    8.43722900e+002 1.34351349e+002 9.05488098e+002 1.35300034e+002
    9.66729919e+002 1.36177261e+002 1.02757263e+003 1.37086853e+002
    2.01704895e+002 1.88492371e+002 2.68649109e+002 1.89457367e+002
    3.34902679e+002 1.90460678e+002 4.00363861e+002 1.91491226e+002
    4.65335052e+002 1.92512634e+002 5.29464478e+002 1.93557373e+002
    5.93193237e+002 1.94472855e+002 6.56279724e+002 1.95321640e+002
    7.18744446e+002 1.96106491e+002 7.81172241e+002 1.96729904e+002
    8.43065308e+002 1.97437866e+002 9.04534668e+002 1.98106140e+002
    9.65780334e+002 1.98689880e+002 1.02660303e+003 1.99451645e+002
    2.02970734e+002 2.53670502e+002 2.69561371e+002 2.54455215e+002
    3.35608704e+002 2.55226074e+002 4.00908997e+002 2.55774200e+002
    4.65601959e+002 2.56602997e+002 5.29610046e+002 2.57430237e+002
    5.93230896e+002 2.58038422e+002 6.55858521e+002 2.58604523e+002
    7.18509399e+002 2.59245667e+002 7.80570374e+002 2.59508057e+002
    8.42490967e+002 2.60289703e+002 9.03818665e+002 2.60509918e+002
    9.64895020e+002 2.61006348e+002 1.02569714e+003 2.61493988e+002
    2.03789078e+002 3.18538177e+002 2.70327362e+002 3.19065704e+002
    3.36013306e+002 3.19427643e+002 4.01339325e+002 3.19700500e+002
    4.65796448e+002 3.20383270e+002 5.29669006e+002 3.20591492e+002
    5.93066040e+002 3.21193390e+002 6.55636353e+002 3.21469299e+002
    7.17899231e+002 3.21720001e+002 7.79895447e+002 3.22201904e+002
    8.41562256e+002 3.22433777e+002 9.02982178e+002 3.22663635e+002
    9.63990601e+002 3.23032318e+002 1.02477869e+003 3.23394440e+002
    2.04430695e+002 3.82912201e+002 2.70753113e+002 3.83207245e+002
    3.36433411e+002 3.83286102e+002 4.01503448e+002 3.83369049e+002
    4.65851379e+002 3.83431366e+002 5.29581360e+002 3.83539246e+002
    5.92697327e+002 3.83613586e+002 6.55408203e+002 3.83687622e+002
    7.17471802e+002 3.83813293e+002 7.79422607e+002 3.84272614e+002
    8.41021301e+002 3.84423279e+002 9.02281189e+002 3.84491058e+002
    9.63201538e+002 3.84566467e+002 1.02386346e+003 3.84664063e+002
    2.04870483e+002 4.46754242e+002 2.71115692e+002 4.46628204e+002
    3.36638275e+002 4.46519562e+002 4.01608704e+002 4.46337189e+002
    4.65849518e+002 4.46187988e+002 5.29517395e+002 4.45757629e+002
    5.92522522e+002 4.45652374e+002 6.54979248e+002 4.45608459e+002
    7.17212585e+002 4.45569855e+002 7.78730713e+002 4.45573212e+002
    8.40431519e+002 4.45584167e+002 9.01515686e+002 4.45631439e+002
    9.62461609e+002 4.45608398e+002 1.02291345e+003 4.45610413e+002
    2.05389160e+002 5.10309235e+002 2.71285278e+002 5.09665955e+002
    3.36753967e+002 5.09253571e+002 4.01557190e+002 5.08736023e+002
    4.65643799e+002 5.08350708e+002 5.29392578e+002 5.07736481e+002
    5.92346069e+002 5.07492096e+002 6.54540283e+002 5.07261383e+002
    7.16598083e+002 5.06870697e+002 7.78484375e+002 5.06729279e+002
    8.39719788e+002 5.06580933e+002 9.00924866e+002 5.06536438e+002
    9.61636169e+002 5.06435181e+002 1.02207739e+003 5.06367462e+002
    2.05590317e+002 5.73208862e+002 2.71345093e+002 5.72474426e+002
    3.36642212e+002 5.71687683e+002 4.01431488e+002 5.71056519e+002
    4.65460175e+002 5.70310791e+002 5.28849487e+002 5.69542664e+002
    5.91663330e+002 5.69025635e+002 6.54341675e+002 5.68520874e+002
    7.16312439e+002 5.68137329e+002 7.77731506e+002 5.67585510e+002
    8.39199768e+002 5.67450500e+002 9.00223816e+002 5.67083862e+002
    9.60806946e+002 5.66744690e+002 1.02120331e+003 5.66453369e+002
    2.05718689e+002 6.36018494e+002 2.71271942e+002 6.35221069e+002
    3.36436340e+002 6.34314026e+002 4.00890930e+002 6.33259338e+002
    4.64847473e+002 6.32351624e+002 5.28406311e+002 6.31419983e+002
    5.91305847e+002 6.30615112e+002 6.53527710e+002 6.29784119e+002
    7.15570557e+002 6.29295715e+002 7.77251099e+002 6.28622925e+002
    8.38462524e+002 6.28268127e+002 8.99320007e+002 6.27622742e+002
    9.59785339e+002 6.27198792e+002 1.01990033e+003 6.26534729e+002
