<?xml version="1.0"?>
<opencv_storage>
<calibration_Time>""</calibration_Time>
<nrOfFrames>20</nrOfFrames>
<image_Width>640</image_Width>
<image_Height>480</image_Height>
<board_Width>14</board_Width>
<board_Height>9</board_Height>
<square_Size>22.</square_Size>
<FixAspectRatio>1.</FixAspectRatio>
<!-- flags:  +fix_aspectRatio +zero_tangent_dist -->
<flagValue>10</flagValue>
<Camera_Matrix type_id="opencv-matrix">
  <rows>3</rows>
  <cols>3</cols>
  <dt>d</dt>
  <data>
    5.0594403591302506e+002 0. 2.7818039231368243e+002 0.
    5.0594403591302506e+002 2.4754689562573157e+002 0. 0. 1.</data></Camera_Matrix>
<Distortion_Coefficients type_id="opencv-matrix">
  <rows>5</rows>
  <cols>1</cols>
  <dt>d</dt>
  <data>
    6.0802705221110823e-002 -1.6393294621053511e-001 0. 0.
    1.2624483225733374e-001</data></Distortion_Coefficients>
<Avg_Reprojection_Error>7.7974820520614307e-001</Avg_Reprojection_Error>
<Per_View_Reprojection_Errors type_id="opencv-matrix">
  <rows>20</rows>
  <cols>1</cols>
  <dt>f</dt>
  <data>
    8.98575902e-001 9.36094344e-001 8.61457050e-001 9.24905956e-001
    8.87709856e-001 6.97685719e-001 8.42222333e-001 7.39825904e-001
    9.53661561e-001 7.24683046e-001 5.23175955e-001 6.38444901e-001
    6.21029437e-001 8.37068677e-001 8.72073293e-001 5.71891129e-001
    8.63945127e-001 4.67376649e-001 5.08353531e-001 9.13367689e-001</data></Per_View_Reprojection_Errors>
<!-- a set of 6-tuples (rotation vector + translation vector) for each view -->
<Extrinsic_Parameters type_id="opencv-matrix">
  <rows>20</rows>
  <cols>6</cols>
  <dt>d</dt>
  <data>
    4.6873976369303939e-002 -1.3105934621052806e-001
    -1.8488444025211371e-002 -1.4132138462808578e+002
    -7.4959349388963858e+001 3.7814560292294391e+002
    -1.2260694974975167e-001 -3.2769367792936994e-002
    -9.3664242458296933e-003 -1.0822339845328672e+002
    -5.0556577487814721e+001 4.0759480075436727e+002
    -1.6611244881726175e-001 -5.1092099430156371e-002
    1.7439086791711744e-001 -8.3241379953407346e+001
    -1.0359638226769266e+002 4.2812516602005803e+002
    -3.1312499916978553e-001 -1.9065190530215015e-001
    1.1378821296255738e-001 -1.3903203867201941e+002
    -7.6238243545708627e+001 4.5596345173954148e+002
    2.2493303321558533e-001 6.2393494337563329e-003
    -1.8375107621343631e-001 -9.2722151998061364e+001
    -5.4470187263115911e+001 3.8392522746665907e+002
    3.6156093177335547e-001 3.7079716644196230e-002
    -2.1639063779609310e-001 -9.7136275418399990e+001
    -4.0943117617786719e+001 3.5294220645417244e+002
    4.0286692095772603e-001 -3.2940460907595015e-001
    1.2705410534407344e-001 -1.3008102526137543e+002
    -9.6659043973679729e+001 3.4516146449057817e+002
    1.0597593606269753e-001 -5.0484402337139123e-001
    2.0337736553947602e-001 -1.4267228740125857e+001
    -8.1724116796894961e+001 3.7114135404114512e+002
    2.9734251718733628e-002 5.7644086570016395e-001
    -1.8606949141113851e-002 -1.9794330207056703e+001
    -7.8850067485347211e+001 5.1475972149015217e+002
    -2.7863518118199804e-002 3.1228342999057118e-001
    -3.3339126269062735e-001 -1.5532072232203572e+002
    1.3757722335879786e+001 5.1452109891255600e+002
    5.7452310560124967e-002 3.8901893360953455e-001
    6.7765452676519278e-001 -9.0144218451267140e+000
    -1.6244148941194095e+002 4.9671353085837052e+002
    7.5970529640710868e-002 -4.0869369327764066e-001
    4.0793514517843216e-001 -7.7899146978934120e+000
    -1.0273062105922426e+002 3.9627619060611312e+002
    2.5058188309512697e-001 -2.5766285259029305e-002
    1.0819024773405823e+000 8.5363135294551483e+001
    -1.4985279839755489e+002 4.2196717426135501e+002
    1.3775549684343985e-001 -1.9855607333374439e-001
    1.4659295487017625e+000 3.2423210896710155e+000
    -1.2111148009974680e+002 4.3779398726427780e+002
    3.2005839981311351e-001 -2.9647453687168812e-001
    3.0779551534476810e+000 1.2620916355152306e+002
    1.7878697151170957e+001 3.9098998321232750e+002
    4.5307097869179208e-001 1.4111300224639259e-002
    2.8142540345210052e+000 1.6345950771101820e+002
    3.7744782957106978e+001 3.2357122897218204e+002
    3.4155698984983468e-001 3.6786770902128835e-001
    2.9817669901238144e+000 1.5164316376372452e+002
    9.4373800808771435e+001 3.4136872524972205e+002
    -3.0713687765682385e-001 -2.3750690604392491e-001
    -2.6608306572814557e+000 6.8835270543588138e+001
    1.1508926548618983e+002 3.4174205636592251e+002
    2.3546625413938577e-001 2.2892372102700561e-002
    2.4645600714981408e+000 1.1509677881899133e+002
    -2.4566654389345747e+001 4.0435348989058662e+002
    2.3897884094083935e-001 3.1287375718893995e-001
    2.9802520439266034e+000 1.1338669462874553e+002
    7.0214041575337632e+001 3.8990455775114259e+002</data></Extrinsic_Parameters>
