<?xml version="1.0"?>
<opencv_storage>
<calibration_Time>l</calibration_Time>
<nrOfFrames>13</nrOfFrames>
<image_Width>1280</image_Width>
<image_Height>720</image_Height>
<board_Width>14</board_Width>
<board_Height>9</board_Height>
<square_Size>22.</square_Size>
<FixAspectRatio>1.</FixAspectRatio>
<!-- flags:  +fix_aspectRatio +zero_tangent_dist -->
<flagValue>10</flagValue>
<Camera_Matrix type_id="opencv-matrix">
  <rows>3</rows>
  <cols>3</cols>
  <dt>d</dt>
  <data>
    7.6966658594420039e+002 0. 6.3199363442644733e+002 0.
    7.6966658594420039e+002 3.9408339929019201e+002 0. 0. 1.</data></Camera_Matrix>
<Distortion_Coefficients type_id="opencv-matrix">
  <rows>5</rows>
  <cols>1</cols>
  <dt>d</dt>
  <data>
    6.8740465189267588e-002 -1.8534940627569574e-001 0. 0.
    1.2775782264282301e-001</data></Distortion_Coefficients>
<Avg_Reprojection_Error>5.1644641071357678e-001</Avg_Reprojection_Error>
<Per_View_Reprojection_Errors type_id="opencv-matrix">
  <rows>13</rows>
  <cols>1</cols>
  <dt>f</dt>
  <data>
    7.46096730e-001 6.83054268e-001 4.24566150e-001 6.08743608e-001
    5.57559252e-001 3.54515940e-001 3.15911978e-001 4.55697894e-001
    2.88378567e-001 2.38920659e-001 3.73050004e-001 5.47140718e-001
    7.55302310e-001</data></Per_View_Reprojection_Errors>
<!-- a set of 6-tuples (rotation vector + translation vector) for each view -->
<Extrinsic_Parameters type_id="opencv-matrix">
  <rows>13</rows>
  <cols>6</cols>
  <dt>d</dt>
  <data>
    3.5397887653759723e-002 -6.1563518794760283e-002
    1.4089363650015157e-002 -1.3040240347457149e+002
    -1.0250891632922769e+002 2.5661126079108914e+002
    1.9757468582177896e-002 -3.7271299557996307e-001
    5.5792788277925658e-002 -1.8114068338179362e+002
    -1.0115519225871745e+002 2.7699509818357797e+002
    -1.7793390076670332e-001 -1.6790494703602256e-002
    -1.9037093138287831e-002 -1.9019730162071536e+002
    -1.0257100334685853e+002 2.9333591846423656e+002
    2.2213521424489659e-002 -7.1033746668306289e-003
    -4.0808890257908503e-001 -1.9399802192765705e+002
    -3.1552269393238788e+001 4.2667140898164780e+002
    3.7067068354224776e-002 9.9842803355075796e-002
    4.0587271863417290e-001 -7.1207879354741564e+001
    -1.5298869015480972e+002 4.1857886191830841e+002
    4.1057937906245290e-002 -3.1298473920354342e-001
    2.4803589549525541e-002 -1.1787479927144969e+002
    -9.8001133761936103e+001 2.8775013093135055e+002
    4.0741545446475118e-002 -1.6523624606153561e-001
    -3.8052012681774064e-002 -2.3284161142295229e+001
    -7.4993006914744640e+001 3.1766077131728832e+002
    1.3862745493248943e-001 4.3469402982028238e-001
    -5.0127103705366285e-002 -7.0947754902071296e+001
    -9.9302861176145683e+001 3.9183076882053075e+002
    9.4804913964744886e-002 2.3379521144090346e-001
    5.4581232392928475e-002 -1.7694541511933849e+002
    -1.0484787988025440e+002 3.5887490917637348e+002
    7.0801447909101770e-002 1.7503137028549459e-001
    4.8778971654550633e-002 -2.5244086809095569e+002
    -1.0500259052567550e+002 3.4785812087665994e+002
    4.2995424858134701e-001 1.6457075316153333e-001
    -6.0843163137849328e-002 -1.0868732094706078e+002
    -7.2081012834710236e+001 3.0436557433227608e+002
    4.2963127922864613e-001 1.1763974434255016e-002
    8.7308612817905085e-002 -1.8531406849745744e+002
    -9.3453567636796350e+001 2.7399791690319961e+002
    -2.2235114695766903e-001 1.3065960964404436e-001
    1.0768698344676737e-002 -1.0607506345125482e+002
    -9.6108888739141506e+001 3.2505003694022849e+002</data></Extrinsic_Parameters>
<Image_points type_id="opencv-matrix">
  <rows>13</rows>
  <cols>126</cols>
  <dt>"2f"</dt>
  <data>
    2.38549042e+002 8.29640732e+001 3.06090729e+002 8.53496170e+001
    3.73234558e+002 8.76821136e+001 4.39793732e+002 9.02295990e+001
    5.05637604e+002 9.28852081e+001 5.70849915e+002 9.54393616e+001
    6.35456482e+002 9.78722916e+001 6.99346375e+002 1.00254944e+002
    7.62523010e+002 1.02599289e+002 8.25246033e+002 1.05036072e+002
    8.87137939e+002 1.07419777e+002 9.48414063e+002 1.09709908e+002
    1.00881409e+003 1.12260513e+002 1.06856506e+003 1.14853073e+002
    2.38759460e+002 1.50585129e+002 3.06160248e+002 1.52627136e+002
    3.73294708e+002 1.54811157e+002 4.39612427e+002 1.57200287e+002
    5.05398071e+002 1.59361557e+002 5.70410339e+002 1.61610382e+002
    6.34548767e+002 1.63812393e+002 6.98206055e+002 1.65869659e+002
    7.61116943e+002 1.67731537e+002 8.23460205e+002 1.69657471e+002
    8.85364807e+002 1.71600464e+002 9.46636902e+002 1.73557495e+002
    1.00728046e+003 1.75604492e+002 1.06676257e+003 1.77785812e+002
    2.38922821e+002 2.17796646e+002 3.06360046e+002 2.19606842e+002
    3.73335876e+002 2.21512451e+002 4.39490082e+002 2.23480453e+002
    5.05035980e+002 2.25441376e+002 5.69716370e+002 2.27424927e+002
    6.33566162e+002 2.29255859e+002 6.96864929e+002 2.30990707e+002
    7.59546875e+002 2.32458054e+002 8.21810486e+002 2.33976303e+002
    8.83633850e+002 2.35450790e+002 9.44749817e+002 2.37042282e+002
    1.00533459e+003 2.38688416e+002 1.06498364e+003 2.40439346e+002
    2.39302032e+002 2.84680084e+002 3.06477509e+002 2.86082336e+002
    3.73314117e+002 2.87608673e+002 4.39370422e+002 2.89223572e+002
    5.04725250e+002 2.90777710e+002 5.69155823e+002 2.92416931e+002
    6.32713989e+002 2.93791962e+002 6.95627075e+002 2.95129211e+002
    7.58197266e+002 2.96395599e+002 8.20297791e+002 2.97545746e+002
    8.81912415e+002 2.98688873e+002 9.43020447e+002 2.99924225e+002
    1.00346704e+003 3.01316986e+002 1.06324548e+003 3.02584045e+002
    2.39540375e+002 3.50749146e+002 3.06601837e+002 3.51774567e+002
    3.73246552e+002 3.52874084e+002 4.39247681e+002 3.54081940e+002
    5.04405457e+002 3.55286469e+002 5.68519836e+002 3.56439728e+002
    6.31826111e+002 3.57507904e+002 6.94607361e+002 3.58514069e+002
    7.56773621e+002 3.59414795e+002 8.18626587e+002 3.60470093e+002
    8.80400330e+002 3.61416931e+002 9.41367004e+002 3.62434784e+002
    1.00171887e+003 3.63384674e+002 1.06137952e+003 3.64491333e+002
    2.39784943e+002 4.16450867e+002 3.06669495e+002 4.17062225e+002
    3.73050873e+002 4.17729950e+002 4.38931763e+002 4.18476288e+002
    5.03896423e+002 4.19101807e+002 5.67852356e+002 4.19858582e+002
    6.30958618e+002 4.20536163e+002 6.93495483e+002 4.21255951e+002
    7.55605591e+002 4.21901062e+002 8.17429626e+002 4.22654053e+002
    8.78676575e+002 4.23456726e+002 9.39751160e+002 4.24410706e+002
    1.00000592e+003 4.24972656e+002 1.05956055e+003 4.25557159e+002
    2.39948349e+002 4.81488922e+002 3.06606232e+002 4.81815002e+002
    3.72818665e+002 4.82136597e+002 4.38499512e+002 4.82419830e+002
    5.03208435e+002 4.82677887e+002 5.67117737e+002 4.82830597e+002
    6.30185303e+002 4.83226624e+002 6.92526123e+002 4.83592896e+002
    7.54538269e+002 4.84256439e+002 8.16268860e+002 4.84654572e+002
    8.77493469e+002 4.85386292e+002 9.38316956e+002 4.85648224e+002
    9.98461670e+002 4.86487915e+002 1.05769885e+003 4.86616333e+002
    2.40166336e+002 5.46417053e+002 3.06641602e+002 5.46390198e+002
    3.72460419e+002 5.46356384e+002 4.37944489e+002 5.46203796e+002
    5.02487854e+002 5.45955811e+002 5.66346069e+002 5.45842102e+002
    6.29298828e+002 5.45794128e+002 6.91571594e+002 5.45975769e+002
    7.53434875e+002 5.46365723e+002 8.14980164e+002 5.46507324e+002
    8.76311218e+002 5.46774780e+002 9.36659912e+002 5.47271057e+002
    9.96630920e+002 5.47403137e+002 1.05575488e+003 5.47472168e+002
    2.40545975e+002 6.10734741e+002 3.06717987e+002 6.10608521e+002
    3.72288116e+002 6.10311218e+002 4.37419586e+002 6.09722656e+002
    5.01738739e+002 6.09382568e+002 5.65495117e+002 6.08806091e+002
    6.28464355e+002 6.08533936e+002 6.90636780e+002 6.08490295e+002
    7.52598633e+002 6.08421265e+002 8.14175598e+002 6.08424438e+002
    8.74932373e+002 6.08408264e+002 9.35398499e+002 6.08389404e+002
    9.95187012e+002 6.08194275e+002 1.05414526e+003 6.07578552e+002
