<?xml version="1.0"?>
<opencv_storage>
<calibration_Time>""</calibration_Time>
<nrOfFrames>20</nrOfFrames>
<image_Width>640</image_Width>
<image_Height>480</image_Height>
<board_Width>14</board_Width>
<board_Height>9</board_Height>
<square_Size>22.</square_Size>
<FixAspectRatio>1.</FixAspectRatio>
<!-- flags:  +fix_aspectRatio +zero_tangent_dist -->
<flagValue>10</flagValue>
<Camera_Matrix type_id="opencv-matrix">
  <rows>3</rows>
  <cols>3</cols>
  <dt>d</dt>
  <data>
    5.0418423878783489e+002 0. 3.4054386591233168e+002 0.
    5.0418423878783489e+002 2.1814970482104349e+002 0. 0. 1.</data></Camera_Matrix>
<Distortion_Coefficients type_id="opencv-matrix">
  <rows>5</rows>
  <cols>1</cols>
  <dt>d</dt>
  <data>
    9.3350627566138183e-002 -2.8463073987850818e-001 0. 0.
    2.5823933646898023e-001</data></Distortion_Coefficients>
<Avg_Reprojection_Error>5.0776401304541918e-001</Avg_Reprojection_Error>
<Per_View_Reprojection_Errors type_id="opencv-matrix">
  <rows>20</rows>
  <cols>1</cols>
  <dt>f</dt>
  <data>
    1.23693019e-001 1.97080404e-001 3.71552765e-001 1.63866296e-001
    4.49039549e-001 4.27302957e-001 5.81764638e-001 5.07206798e-001
    4.58948255e-001 6.18007362e-001 5.51672697e-001 7.92364001e-001
    5.50768971e-001 5.27917862e-001 3.76319945e-001 3.59471887e-001
    5.81052959e-001 6.01625085e-001 5.56863964e-001 7.55119324e-001</data></Per_View_Reprojection_Errors>
<!-- a set of 6-tuples (rotation vector + translation vector) for each view -->
<Extrinsic_Parameters type_id="opencv-matrix">
  <rows>20</rows>
  <cols>6</cols>
  <dt>d</dt>
  <data>
    6.5511551103683173e-003 -1.0716394248872957e-001
    1.9019535936368584e-002 -1.4378824207508868e+002
    -7.0807369771671219e+001 2.7003533994689889e+002
    1.6503314755542381e-001 -8.6129512690377774e-002
    -6.5741719215887534e-003 -1.4861388688657686e+002
    -6.3455716890837053e+001 2.8768238188376284e+002
    3.2527110643543472e-001 -9.0484742309016292e-002
    2.0093482929800063e-002 -1.4415378700939377e+002
    -4.0244192541020475e+001 2.8054699346701335e+002
    -2.6743942269192000e-001 -7.1257320104880589e-002
    2.9478304825243194e-003 -1.5627572570342113e+002
    -7.0004553891517872e+001 3.1930044029734393e+002
    -4.4055849964526400e-001 -9.7509403517135045e-004
    5.6450403339122969e-002 -1.3340799422791900e+002
    -8.3641452392922105e+001 3.7505132339267391e+002
    -2.8414522577572241e-002 -4.1131490760638523e-001
    1.3195513635917794e-001 -1.0840042685193977e+002
    -7.7835432092358658e+001 2.8517561687880715e+002
    1.1985011211881905e-001 -5.2058971179480185e-001
    -2.0005115110846964e-002 -1.0679865910590270e+002
    -7.5429588156769341e+001 2.7927222028193836e+002
    1.5730459561236704e-001 -2.4680332176824296e-001
    5.3096939100995999e-001 -5.1565508769117407e+001
    -1.0505385698118013e+002 3.5933063108676026e+002
    1.3117486037254419e-001 3.6433638946999536e-001
    1.4550620374839398e-002 -1.5279193033116462e+002
    -8.0379754141231331e+001 3.6438815665144023e+002
    1.0679129736153734e-001 6.0972485354329609e-001
    9.5319725386274909e-002 -1.4828910127781836e+002
    -1.0182448060137841e+002 4.1526283010417211e+002
    8.0740148930396716e-002 3.1270005531661543e-001
    4.9777602042947039e-001 -1.3137182736544869e+002
    -1.4640675907432237e+002 4.2198883611802250e+002
    1.7950501168783911e-001 -9.5227708929868701e-004
    1.5014300894309303e+000 7.6091765141942560e+001
    -1.2579374894667809e+002 3.9428302378786486e+002
    -2.2968658304079106e-001 -1.6684773446260978e-001
    -2.9041069393267507e+000 1.1455012942011689e+002
    1.0223115672211965e+002 3.4140413274287874e+002
    -4.8746256882528455e-002 5.3723359811841243e-001
    3.0564113346366999e+000 1.2240701449007740e+002
    1.0808497349887438e+002 3.3248580789764276e+002
    3.8462793334351287e-003 -5.1257716159909095e-001
    3.0300617735776103e+000 1.2455561928890585e+002
    7.5873578382154051e+001 3.6360720534969943e+002
    -1.4604275972672617e-001 4.2668646691164526e-002
    -2.6042081454300621e+000 8.8155031683903459e+001
    1.6265736718629140e+002 3.8199031308094254e+002
    6.9258655151340401e-002 2.0396107717924311e-001
    2.8400527458094142e+000 1.5937567643012497e+002
    4.9688862402778014e+001 3.7066857941423893e+002
    -2.6655597352700355e-001 -2.9919802502505505e-001
    -2.8444656712704273e+000 7.1819795182321172e+001
    1.2394052570276422e+002 3.4307661178312651e+002
    -2.3961430979174433e-001 -4.6539676723720891e-001
    -2.5306346272301070e+000 3.6054260967010698e+001
    1.3879456091503300e+002 3.6531392774946153e+002
    4.6265392572292834e-002 -9.6213193163282684e-001
    -2.9054629167564983e+000 9.3167741874511265e+001
    1.3051655272871028e+002 3.8145709686348908e+002</data></Extrinsic_Parameters>
