<?xml version="1.0"?>
<opencv_storage>
<calibration_Time>""</calibration_Time>
<nrOfFrames>15</nrOfFrames>
<image_Width>1280</image_Width>
<image_Height>720</image_Height>
<board_Width>14</board_Width>
<board_Height>9</board_Height>
<square_Size>22.</square_Size>
<FixAspectRatio>1.</FixAspectRatio>
<!-- flags:  +fix_aspectRatio +zero_tangent_dist -->
<flagValue>10</flagValue>
<Camera_Matrix type_id="opencv-matrix">
  <rows>3</rows>
  <cols>3</cols>
  <dt>d</dt>
  <data>
    7.5991344882654005e+002 0. 6.7274937308560686e+002 0.
    7.5991344882654005e+002 3.4084747010637068e+002 0. 0. 1.</data></Camera_Matrix>
<Distortion_Coefficients type_id="opencv-matrix">
  <rows>5</rows>
  <cols>1</cols>
  <dt>d</dt>
  <data>
    5.3192290116279059e-002 -1.3630691088809335e-001 0. 0.
    8.9977683246345169e-002</data></Distortion_Coefficients>
<Avg_Reprojection_Error>3.5796136042926707e-001</Avg_Reprojection_Error>
<Per_View_Reprojection_Errors type_id="opencv-matrix">
  <rows>15</rows>
  <cols>1</cols>
  <dt>f</dt>
  <data>
    4.13219631e-001 4.11563337e-001 2.79684663e-001 4.62443739e-001
    3.14565122e-001 3.07010293e-001 2.16551900e-001 2.95874774e-001
    2.77155191e-001 2.37251505e-001 3.24663997e-001 6.74087048e-001
    1.76291719e-001 2.55230427e-001 4.16010439e-001</data></Per_View_Reprojection_Errors>
<!-- a set of 6-tuples (rotation vector + translation vector) for each view -->
<Extrinsic_Parameters type_id="opencv-matrix">
  <rows>15</rows>
  <cols>6</cols>
  <dt>d</dt>
  <data>
    5.7962251731683699e-002 -1.0688873697676654e-003
    -8.7947304762593277e-003 -1.6933179911000082e+002
    -8.2287002204775931e+001 2.5793113180374928e+002
    3.2902585052730221e-001 -9.2377664867987749e-002
    -1.5938336178223555e-002 -1.6291075926360327e+002
    -7.0255022152975442e+001 2.3225855799295454e+002
    -4.3598655414991172e-001 -2.2939280021385652e-001
    5.1730623280737420e-001 -3.4460077069182496e+001
    -1.4755099417073259e+002 3.8889927154656158e+002
    9.0167879943569645e-002 3.7329710747574379e-001
    8.8945825138018839e-002 -1.0503641965695336e+002
    -1.0822710658425405e+002 3.6316307078234837e+002
    4.9722667310037794e-001 -1.8530882716918512e-001
    2.5850418208104645e-002 -1.6711549450191009e+002
    -7.0503064822644632e+001 2.4440340811175955e+002
    4.1009457182648079e-001 -2.0247813713199558e-001
    3.4499274801425533e-001 -1.1921070829613518e+002
    -7.5055574828844058e+001 2.4614735321560971e+002
    3.5862360561533191e-001 -1.6365007180090657e-001
    6.1009005191966059e-001 -6.2550460899179171e+001
    -1.0164948793124123e+002 3.0625111222474067e+002
    3.4977446430268655e-001 -1.9307410512157044e-001
    8.0969602782252414e-001 -6.5566403042331729e+001
    -1.1315646191199085e+002 3.1849947436497303e+002
    5.2078952733035733e-001 8.5670820807969908e-003
    1.4224877105420164e+000 3.8004462609163241e+001
    -1.0877953695250552e+002 3.0541201225200967e+002
    2.4708833489182383e-001 -9.1988300770569881e-002
    1.4261616820522407e+000 -2.9023744343493718e+001
    -1.0865080576657242e+002 3.5058840524934544e+002
    -4.1825218481370346e-001 -2.2971445856911513e-001
    9.4796132538386146e-002 -1.4641497311007706e+002
    -9.6532902464547035e+001 2.8432166492975580e+002
    -2.6108054031754196e-001 -2.7943925426284301e-002
    -3.0473742187284327e+000 1.4715996515987317e+002
    7.7081781062313780e+001 2.7745869276678201e+002
    -2.0350064801998208e-002 4.6801576595437261e-001
    -2.6618331684971066e+000 6.3624784253111322e+001
    1.5562579333345099e+002 3.7950906329597433e+002
    -3.5079615462951003e-001 7.2861377189690635e-001
    2.9706923925293109e+000 1.7433536627152938e+002
    6.6314314571339594e+001 2.6948701592773176e+002
    6.2533218226526383e-002 -2.8778196163202563e-001
    -1.3673774662686859e+000 -4.9663548520976946e+001
    1.3450037754181216e+002 3.7314615281624327e+002</data></Extrinsic_Parameters>
<Image_points type_id="opencv-matrix">
  <rows>15</rows>
  <cols>126</cols>
  <dt>"2f"</dt>
  <data>
    1.72555740e+002 9.70763397e+001 2.36858475e+002 9.61832657e+001
    3.01585266e+002 9.54255981e+001 3.66670685e+002 9.47085342e+001
    4.32092438e+002 9.43234024e+001 4.97293945e+002 9.36794434e+001
    5.62538818e+002 9.33753128e+001 6.27710083e+002 9.28092041e+001
    6.92808411e+002 9.23142853e+001 7.57941162e+002 9.16415100e+001
    8.23060059e+002 9.09895935e+001 8.88156921e+002 9.04439850e+001
    9.53248596e+002 8.99211731e+001 1.01801630e+003 8.96176529e+001
    1.75329239e+002 1.62880157e+002 2.39450165e+002 1.61951874e+002
    3.03951874e+002 1.61486359e+002 3.68803802e+002 1.60821732e+002
    4.33891693e+002 1.60361511e+002 4.98770996e+002 1.59893494e+002
    5.63720093e+002 1.59532196e+002 6.28431213e+002 1.59058914e+002
    6.93099182e+002 1.58580383e+002 7.57799866e+002 1.57964020e+002
    8.22553955e+002 1.57277130e+002 8.87369568e+002 1.56670593e+002
    9.52275269e+002 1.56008087e+002 1.01710767e+003 1.55543320e+002
    1.77899551e+002 2.28306412e+002 2.41950394e+002 2.27632187e+002
    3.06405060e+002 2.26870056e+002 3.70805969e+002 2.26428604e+002
    4.35613770e+002 2.25839722e+002 5.00267090e+002 2.25521042e+002
    5.64805115e+002 2.24999161e+002 6.29121033e+002 2.24617706e+002
    6.93327637e+002 2.24057541e+002 7.57636047e+002 2.23475037e+002
    8.22021362e+002 2.22782959e+002 8.86541504e+002 2.22070389e+002
    9.51195068e+002 2.21532364e+002 1.01560626e+003 2.20830109e+002
    1.80706757e+002 2.93053192e+002 2.44430542e+002 2.92472321e+002
    3.08553314e+002 2.91747650e+002 3.72843018e+002 2.91324799e+002
    4.37382233e+002 2.90785706e+002 5.01650116e+002 2.90147949e+002
    5.65863464e+002 2.89750916e+002 6.29801270e+002 2.89225739e+002
    6.93639954e+002 2.88679321e+002 7.57462646e+002 2.88012756e+002
    8.21513611e+002 2.87503235e+002 8.85721680e+002 2.86845947e+002
    9.50039795e+002 2.86290955e+002 1.01424237e+003 2.85685913e+002
    1.83705963e+002 3.57298340e+002 2.46948929e+002 3.56732300e+002
    3.10864594e+002 3.56079224e+002 3.74798431e+002 3.55518311e+002
    4.39193756e+002 3.54809906e+002 5.02977173e+002 3.54239990e+002
    5.66896790e+002 3.53681641e+002 6.30468201e+002 3.52949310e+002
    6.93974426e+002 3.52520111e+002 7.57458130e+002 3.51893463e+002
    8.21148438e+002 3.51389069e+002 8.85063965e+002 3.50849701e+002
    9.49072083e+002 3.50369751e+002 1.01306842e+003 3.49721741e+002
    1.86590546e+002 4.20855347e+002 2.49696960e+002 4.20309296e+002
    3.13234192e+002 4.19652710e+002 3.76879608e+002 4.19000214e+002
    4.40589752e+002 4.18340668e+002 5.04409515e+002 4.17592621e+002
    5.67854736e+002 4.16850067e+002 6.31136841e+002 4.16170593e+002
    6.94409058e+002 4.15642365e+002 7.57715698e+002 4.15113037e+002
    8.21108215e+002 4.14674713e+002 8.84687012e+002 4.14151886e+002
    9.48382751e+002 4.13736267e+002 1.01209790e+003 4.13289825e+002
    1.89748718e+002 4.83536469e+002 2.52461411e+002 4.83249817e+002
    3.15587860e+002 4.82607513e+002 3.78839142e+002 4.81980194e+002
    4.42420746e+002 4.81239105e+002 5.05718170e+002 4.80391327e+002
    5.68880859e+002 4.79667328e+002 6.32029297e+002 4.78889740e+002
    6.95005310e+002 4.78239960e+002 7.58035522e+002 4.77769318e+002
    8.21184509e+002 4.77323730e+002 8.84457092e+002 4.76917938e+002
    9.47899475e+002 4.76546112e+002 1.01120044e+003 4.75985901e+002
    1.92838455e+002 5.45775696e+002 2.55129745e+002 5.45332214e+002
    3.17889404e+002 5.44890991e+002 3.80668945e+002 5.44160461e+002
    4.43784943e+002 5.43552551e+002 5.06909943e+002 5.42725464e+002
    5.69836914e+002 5.41900940e+002 6.32735779e+002 5.41164612e+002
    6.95484131e+002 5.40573547e+002 7.58384277e+002 5.40009155e+002
    8.21234985e+002 5.39670593e+002 8.84229980e+002 5.39105591e+002
    9.47188965e+002 5.38741150e+002 1.01021387e+003 5.38202759e+002
    1.95863205e+002 6.07210510e+002 2.57739777e+002 6.07079163e+002
    3.19897003e+002 6.06459778e+002 3.82545044e+002 6.05969727e+002
