<?xml version="1.0"?>
<opencv_storage>
<calibration_Time>""</calibration_Time>
<nrOfFrames>20</nrOfFrames>
<image_Width>640</image_Width>
<image_Height>480</image_Height>
<board_Width>14</board_Width>
<board_Height>9</board_Height>
<square_Size>22.</square_Size>
<FixAspectRatio>1.</FixAspectRatio>
<!-- flags:  +fix_aspectRatio +zero_tangent_dist -->
<flagValue>10</flagValue>
<Camera_Matrix type_id="opencv-matrix">
  <rows>3</rows>
  <cols>3</cols>
  <dt>d</dt>
  <data>
    5.0497650400047280e+002 0. 3.4266527056861304e+002 0.
    5.0497650400047280e+002 2.2818753313178189e+002 0. 0. 1.</data></Camera_Matrix>
<Distortion_Coefficients type_id="opencv-matrix">
  <rows>5</rows>
  <cols>1</cols>
  <dt>d</dt>
  <data>
    5.9647548216714398e-002 -1.6887545826254075e-001 0. 0.
    1.2980934636998245e-001</data></Distortion_Coefficients>
<Avg_Reprojection_Error>4.9727682077526197e-001</Avg_Reprojection_Error>
<Per_View_Reprojection_Errors type_id="opencv-matrix">
  <rows>20</rows>
  <cols>1</cols>
  <dt>f</dt>
  <data>
    2.13398129e-001 2.55368471e-001 2.50222832e-001 4.32337224e-001
    4.52313364e-001 4.10640955e-001 4.00761038e-001 4.96879339e-001
    4.20589417e-001 7.90123701e-001 7.96832621e-001 7.00895429e-001
    1.81955352e-001 3.62529814e-001 2.42308736e-001 5.12483597e-001
    4.44388866e-001 4.27548349e-001 6.92952096e-001 7.28667498e-001</data></Per_View_Reprojection_Errors>
<!-- a set of 6-tuples (rotation vector + translation vector) for each view -->
<Extrinsic_Parameters type_id="opencv-matrix">
  <rows>20</rows>
  <cols>6</cols>
  <dt>d</dt>
  <data>
    9.0832714864229627e-002 -9.8399636473268950e-002
    -1.9230262739952396e-002 -1.5000542261674207e+002
    -7.8410006600299553e+001 2.6930902972731604e+002
    2.6761549368201071e-001 -1.3144330624342584e-001
    1.4618837783809437e-003 -1.4659150658467280e+002
    -6.9130476826291854e+001 2.5984890098674339e+002
    -3.5723360677048088e-001 -9.7919054647367137e-002
    1.5533655414245878e-002 -1.4479056836204583e+002
    -7.8309980717638410e+001 3.2555264340750364e+002
    7.6017376181589269e-002 -4.5946504890404238e-001
    -2.7768789698704683e-002 -1.3496489728736839e+002
    -7.8721110270186017e+001 2.5806102499861436e+002
    1.1013857314925869e-001 -5.1714903169255011e-001
    -1.7096451816319777e-001 -1.1266942743147897e+002
    -7.6096619292848786e+001 2.4766806816479897e+002
    7.9905950197825509e-002 -3.3380067340176112e-001
    -5.1016132686029636e-001 -1.1214114324018047e+002
    -1.2234966854113607e+001 3.2383086501131066e+002
    5.4258084125258343e-002 2.9773823438720176e-001
    -1.4123056442668015e-002 -1.6530142307234280e+002
    -7.9038248298292515e+001 3.6497984657992782e+002
    1.1928405908966466e-001 5.0561720331107352e-001
    -3.4361187124301035e-001 -1.8544090094733846e+002
    1.5935244303787146e+000 4.0874494429478352e+002
    8.5900202415422192e-002 3.7303067603648871e-001
    -5.5740334126552105e-001 -1.8829464688881950e+002
    3.8645713509423139e+001 4.4080094580513054e+002
    1.1405232266994000e-001 2.9732619534669852e-001
    -1.4478151587037875e+000 -1.3244425036799291e+002
    1.5041415529544574e+002 4.4881811123614733e+002
    -4.3343208417455738e-002 4.6243456817533135e-001
    -1.4216179079173381e+000 -5.5319939329799254e+001
    1.4876700930413728e+002 4.8154926948974037e+002
    -2.7395809166466539e-001 -3.8823732619731088e-001
    -1.3842637401603288e+000 -1.6556269851782787e+002
    1.1297067664446077e+002 3.5213870448326566e+002
    -2.6101942700448233e-001 -2.5406678203143984e-001
    -3.0303571362324067e+000 1.0467939466466933e+002
    9.8601830899814530e+001 2.6344348207249521e+002
    -2.2634310760740642e-001 -1.5404344609604301e-001
    -2.8676412811599352e+000 7.3879048081684374e+001
    1.2879790948513514e+002 3.1414829358992165e+002
    1.0619924625567448e-002 2.5970396409975427e-001
    -2.9490481050031008e+000 9.1065089956997141e+001
    1.1315435686629893e+002 3.4202564187248879e+002
    -1.4964506512661757e-001 -8.1014074228163135e-001
    -2.8791302979127376e+000 1.2145154663389802e+002
    7.3238949730331399e+001 2.7294344609535568e+002
    -2.9017950458903138e-002 5.3741354740395186e-001
    2.7846818633617083e+000 1.4349775213424132e+002
    2.0420248960502626e+001 3.3563344981782802e+002
    -1.2817411906247150e-001 -4.2971574750256786e-001
    -2.2578876492642288e+000 3.4809779702821693e+001
    1.3984592409341562e+002 3.5658395214741114e+002
    1.4149325741610577e-001 -1.1877153229935948e-001
    -1.6585331297174126e+000 -1.3056242308560738e+002
    1.4637668379329452e+002 3.7367237106454405e+002
    -2.1246595544343286e-001 5.8413165470333157e-002
    -1.2849953341616260e+000 -1.0188516045743552e+002
    1.1459755197531729e+002 4.2566025765512614e+002</data></Extrinsic_Parameters>
