<?xml version="1.0"?>
<opencv_storage>
<calibration_Time>""</calibration_Time>
<nrOfFrames>20</nrOfFrames>
<image_Width>640</image_Width>
<image_Height>480</image_Height>
<board_Width>14</board_Width>
<board_Height>9</board_Height>
<square_Size>22.</square_Size>
<FixAspectRatio>1.</FixAspectRatio>
<!-- flags:  +fix_aspectRatio +zero_tangent_dist -->
<flagValue>10</flagValue>
<Camera_Matrix type_id="opencv-matrix">
  <rows>3</rows>
  <cols>3</cols>
  <dt>d</dt>
  <data>
    5.0789890519078654e+002 0. 3.0916424417836902e+002 0.
    5.0789890519078654e+002 2.3002864604918491e+002 0. 0. 1.</data></Camera_Matrix>
<Distortion_Coefficients type_id="opencv-matrix">
  <rows>5</rows>
  <cols>1</cols>
  <dt>d</dt>
  <data>
    7.3470321351947421e-002 -2.3691827463110918e-001 0. 0.
    2.6598272141889845e-001</data></Distortion_Coefficients>
<Avg_Reprojection_Error>7.6600328492137748e-001</Avg_Reprojection_Error>
<Per_View_Reprojection_Errors type_id="opencv-matrix">
  <rows>20</rows>
  <cols>1</cols>
  <dt>f</dt>
  <data>
    8.17690313e-001 8.38756740e-001 9.12108719e-001 7.35513926e-001
    7.08356917e-001 7.03674376e-001 1.10657406e+000 8.05811942e-001
    7.20118046e-001 6.20109558e-001 5.17100573e-001 8.94949496e-001
    6.89294040e-001 5.33426762e-001 5.74471653e-001 7.48652935e-001
    7.31000841e-001 8.51398408e-001 8.00084889e-001 7.73576677e-001</data></Per_View_Reprojection_Errors>
<!-- a set of 6-tuples (rotation vector + translation vector) for each view -->
<Extrinsic_Parameters type_id="opencv-matrix">
  <rows>20</rows>
  <cols>6</cols>
  <dt>d</dt>
  <data>
    2.8048483761444774e-002 -1.6172537168623843e-001
    2.7379660229612923e-002 -9.7963768220010223e+001
    -1.0833256171914446e+002 3.6524174560288185e+002
    -1.2743787464241368e-001 -1.3201992997846645e-001
    1.0195884422038877e-001 -8.6715238963635286e+001
    -6.2021374451944304e+001 4.0302902788743353e+002
    -2.5855565407734465e-001 -8.3661701943576583e-002
    7.1225636421106617e-002 -8.8068704314718033e+001
    -3.1512791351584305e+001 4.4590308004772777e+002
    2.1784547454460898e-001 -1.0953969623335914e-001
    2.0687767271966171e-002 -9.7060785486738567e+001
    -9.8169073234421973e+001 3.6472368805177297e+002
    4.3356760677853484e-001 -1.9651611677296410e-001
    1.4061852622232989e-002 -1.4137990883927060e+002
    -1.0045758743307968e+002 3.4418752181225921e+002
    2.0961976073837377e-001 -4.7735694707767323e-001
    1.0994888028396375e-001 -1.3752942218396828e+002
    -8.9711543734407059e+001 3.8528566927064566e+002
    2.1427615483210799e-001 -6.1839617120220181e-001
    2.7986513914583933e-001 -1.3625585142825204e+002
    -1.0482375344996053e+002 4.2846776299993809e+002
    1.5899584345501688e-002 3.1700905646961114e-001
    -4.5034963080002488e-002 -2.2323352657989862e+001
    -1.5150941987471203e+001 5.7265142520265113e+002
    -2.6643446493740956e-002 4.2159510921483490e-001
    -1.4344092741178871e-001 2.0775919483108996e+000
    2.1980393506992357e+001 6.4704272855351826e+002
    2.3715738696514551e-002 2.0277374899677852e-001
    2.9431378523838603e-001 -9.7286273266222693e+001
    -4.6644968255381464e+001 5.9362328518507275e+002
    1.0520274576271836e-001 1.2808369545506884e-001
    5.9397107172753272e-001 -9.2124992126170127e+001
    -1.2587184858806297e+002 5.6209499792439783e+002
    2.9797455734031425e-001 3.2622055090860663e-002
    1.4847932106156039e+000 1.0331598284800192e+002
    -1.4132178087710807e+002 4.3406359715394092e+002
    3.1931363651630318e-001 2.9543460903938105e-002
    1.9031205519335603e+000 1.2091345246410825e+002
    -8.9454671297815025e+001 4.4435886708861040e+002
    4.7410197741332599e-001 1.8844492692301101e-001
    2.2794914267450066e+000 2.0528945693361439e+002
    -1.3215617351075871e+001 4.3157392938496713e+002
    5.8704755705496681e-001 2.9164535938631297e-001
    2.5625436955952803e+000 2.3766665459338077e+002
    4.9056006403838481e+001 4.1783257384897115e+002
    8.6302687032985340e-002 1.1825524814683334e-001
    2.9000653339819928e+000 4.7639982796536387e+001
    5.8448085421879497e+001 4.8700017863894379e+002
    3.5121559155867388e-001 8.0540707191711025e-002
    2.8454862192183854e+000 1.2324639605472514e+002
    2.4191511478091400e+001 4.6685503558422454e+002
    6.5887682539314540e-001 3.9534298974620358e-001
    2.8888753278345991e+000 1.9067732419167157e+002
    1.2965345283333588e+002 3.8768056346030784e+002
    -1.2886452821629327e-001 5.7749094607838514e-001
    3.0060995920201106e+000 6.6742526832271025e+001
    1.1055209258194063e+002 4.6974741526655362e+002
    -9.3312874046361693e-001 -4.7157626646634232e-001
    -2.8817109450269758e+000 1.6995207252312198e+002
    1.2738992481510643e+002 3.8215094916773660e+002</data></Extrinsic_Parameters>
