<?xml version="1.0"?>
<opencv_storage>
<calibration_Time>""</calibration_Time>
<nrOfFrames>17</nrOfFrames>
<image_Width>1280</image_Width>
<image_Height>720</image_Height>
<board_Width>14</board_Width>
<board_Height>9</board_Height>
<square_Size>22.</square_Size>
<FixAspectRatio>1.</FixAspectRatio>
<!-- flags:  +fix_aspectRatio +zero_tangent_dist -->
<flagValue>10</flagValue>
<Camera_Matrix type_id="opencv-matrix">
  <rows>3</rows>
  <cols>3</cols>
  <dt>d</dt>
  <data>
    7.5346697937962745e+002 0. 6.2372725786627871e+002 0.
    7.5346697937962745e+002 3.5947466402030267e+002 0. 0. 1.</data></Camera_Matrix>
<Distortion_Coefficients type_id="opencv-matrix">
  <rows>5</rows>
  <cols>1</cols>
  <dt>d</dt>
  <data>
    6.2482642572262312e-002 -1.8873054374808279e-001 0. 0.
    1.6044200128778760e-001</data></Distortion_Coefficients>
<Avg_Reprojection_Error>3.9297884537523148e-001</Avg_Reprojection_Error>
<Per_View_Reprojection_Errors type_id="opencv-matrix">
  <rows>17</rows>
  <cols>1</cols>
  <dt>f</dt>
  <data>
    2.54966199e-001 2.01966897e-001 2.71704167e-001 2.86575854e-001
    5.70914268e-001 2.58334875e-001 4.57412720e-001 2.68611193e-001
    2.92979926e-001 1.98018402e-001 3.73575807e-001 5.49554586e-001
    6.00693166e-001 4.50634241e-001 1.91591159e-001 5.14212668e-001
    5.07840276e-001</data></Per_View_Reprojection_Errors>
<!-- a set of 6-tuples (rotation vector + translation vector) for each view -->
<Extrinsic_Parameters type_id="opencv-matrix">
  <rows>17</rows>
  <cols>6</cols>
  <dt>d</dt>
  <data>
    1.8512303074149722e-001 -1.2724148743305944e-001
    -4.4264758547883615e-002 -1.6665707331009742e+002
    -8.0048591888415331e+001 2.4571632649984636e+002
    3.4083950233311117e-001 -4.8728608216782453e-002
    -2.5941962265728830e-002 -1.3404797834793911e+002
    -6.4392087521564122e+001 2.3498614810236754e+002
    -2.5020673377400332e-001 -4.7123866010590681e-001
    -1.0090930202275215e+000 -9.5745454659009752e+001
    2.7155550332626778e+001 3.1578593250084481e+002
    -1.9573449689885902e-001 -7.7004533586485391e-001
    -1.4011311683412715e+000 -1.4385490273905495e+002
    5.8113320619933660e+001 2.6076914461963315e+002
    -3.7448758312888625e-001 -6.2441694063713160e-001
    -1.4130434470944715e+000 -2.9302686306709330e+001
    3.9307546690071455e+001 3.0472959903547815e+002
    5.4140003469172349e-001 -5.5228360444298130e-002
    -2.9194592585869355e-002 -1.4295639448713604e+002
    -3.9524486622530105e+001 2.1935097746201939e+002
    1.8618873351609258e-001 -3.3878662558032169e-001
    -7.9042825844291356e-002 -1.1591157260937936e+002
    -7.8146758766625311e+001 2.1923287759934701e+002
    2.1418312894280389e-001 -5.4743774128989131e-001
    -3.4741934574822997e-002 -7.7341096231740380e+001
    -7.9965189303347714e+001 2.2235114810186658e+002
    9.3535923086000991e-002 3.6317196471214136e-001
    -2.1742762331203733e-001 -1.3372683110111026e+002
    -3.4381298448721786e+001 3.5600183406822697e+002
    1.5542906696616648e-001 4.9917613940533828e-001
    -3.7999287636583029e-001 -1.6962877386931262e+002
    2.0244979293217780e+000 4.0347137731293776e+002
    1.9248623919213784e-001 1.5178987352623938e-001
    -1.0064311473402834e+000 -8.9041438742409611e+001
    9.9673865827453568e+001 4.1591714457047414e+002
    1.5335119529568347e-001 -1.0910458211642632e-001
    -1.3910977647312792e+000 -4.6859696266062947e+001
    1.2944431865759881e+002 3.8076796301454056e+002
    3.9865679989982167e-001 2.3221584571352777e-001
    3.0153111286486656e+000 9.9317923004209874e+001
    8.8888325461141775e+001 2.6977736722658165e+002
    4.9491487472233248e-001 2.4447882283837713e-001
    2.9559120098246585e+000 1.1106569759978005e+002
    7.6848790940887795e+001 2.7200957199441052e+002
    -9.1334310361639887e-002 3.8520648273995606e-001
    2.6860690237641518e+000 1.2469175170306542e+002
    8.5887949590724344e-001 3.3737680484258794e+002
    2.9837067113155824e-001 9.5082812648896997e-001
    2.9740716346604703e+000 1.4058266922029924e+002
    6.9726854712274303e+001 2.2970393003640439e+002
    6.0795439918250638e-001 6.0403701754379380e-001
    2.7834439570034495e+000 5.9622935623172573e+001
    4.4419257541335611e+001 2.3215802680796727e+002</data></Extrinsic_Parameters>
