<?xml version="1.0"?>
<opencv_storage>
<calibration_Time>""</calibration_Time>
<nrOfFrames>20</nrOfFrames>
<image_Width>640</image_Width>
<image_Height>480</image_Height>
<board_Width>14</board_Width>
<board_Height>9</board_Height>
<square_Size>22.</square_Size>
<FixAspectRatio>1.</FixAspectRatio>
<!-- flags:  +fix_aspectRatio +zero_tangent_dist -->
<flagValue>10</flagValue>
<Camera_Matrix type_id="opencv-matrix">
  <rows>3</rows>
  <cols>3</cols>
  <dt>d</dt>
  <data>
    5.0571331249475548e+002 0. 3.2188630366416453e+002 0.
    5.0571331249475548e+002 2.4227365555433494e+002 0. 0. 1.</data></Camera_Matrix>
<Distortion_Coefficients type_id="opencv-matrix">
  <rows>5</rows>
  <cols>1</cols>
  <dt>d</dt>
  <data>
    9.1593012891865638e-002 -3.0408118190909011e-001 0. 0.
    3.2149356872571333e-001</data></Distortion_Coefficients>
<Avg_Reprojection_Error>4.9124036681361888e-001</Avg_Reprojection_Error>
<Per_View_Reprojection_Errors type_id="opencv-matrix">
  <rows>20</rows>
  <cols>1</cols>
  <dt>f</dt>
  <data>
    2.52542615e-001 2.42860869e-001 2.70620137e-001 3.69177699e-001
    3.76121819e-001 6.48305833e-001 7.64180303e-001 6.76527798e-001
    3.88714224e-001 4.46100503e-001 4.67233688e-001 6.99843645e-001
    7.66394198e-001 3.61207753e-001 5.43460369e-001 3.99031848e-001
    2.54788190e-001 4.36429709e-001 4.99425352e-001 3.93970490e-001</data></Per_View_Reprojection_Errors>
<!-- a set of 6-tuples (rotation vector + translation vector) for each view -->
<Extrinsic_Parameters type_id="opencv-matrix">
  <rows>20</rows>
  <cols>6</cols>
  <dt>d</dt>
  <data>
    -7.5029040845055822e-002 3.5413280686035518e-002
    -3.3365626916145953e-002 -1.5790334665121279e+002
    -9.0755093881206534e+001 2.9445658323342036e+002
    1.2872132552928608e-001 3.4623255772695996e-002
    -6.6711794404794217e-002 -1.5619655784897171e+002
    -8.2592965905653841e+001 2.8903356683734813e+002
    2.5676711506536354e-001 6.8264180042606482e-003
    -8.4465621569859983e-002 -1.5047837027763242e+002
    -6.5672922694703217e+001 2.8951193476027623e+002
    1.7149544413488155e-001 5.9263260631378907e-003
    -3.1930487269695135e-001 -1.6503850174868614e+002
    -3.5851615950547369e+001 3.4352938422816885e+002
    2.4020326976739384e-001 -3.3260474631956582e-002
    -4.8907061808604430e-001 -1.5715556952624090e+002
    5.1776098703314748e+000 3.5284520121467534e+002
    2.0172516253320880e-001 1.3290107891435858e-002
    -1.1656878257365597e+000 -9.6389399491050582e+001
    1.0529043927378493e+002 4.2032812231085700e+002
    2.5278072780356098e-001 -1.0683532744139526e-001
    -1.3658628126363186e+000 -6.7556270299184661e+001
    1.3067695454914468e+002 4.0582144954171878e+002
    1.9672185279939156e-001 -3.6435126858408184e-001
    -1.1955574627672665e+000 -9.6360483784102414e+001
    1.1495232107973581e+002 3.7342567226601989e+002
    3.2506386103745688e-001 -1.6713487290345097e-001
    -1.4541368121917584e-002 -1.3573200302841605e+002
    -5.9717762853460336e+001 2.6782011958484964e+002
    2.8411774071126006e-001 -2.8863290002667319e-001
    -5.0373144271874259e-001 -1.6541909178349457e+002
    4.5043870942413973e+000 3.2814958228203426e+002
    1.8497986281647200e-001 -4.2492907195344209e-001
    -9.1806002331756742e-001 -1.8032653409580280e+002
    6.9703761756002834e+001 3.4754734901729267e+002
    2.7292913706401256e-001 -5.0252978541670679e-001
    -1.3137927039546600e+000 -1.2487059443004004e+002
    1.1737294345053340e+002 3.3596080127198417e+002
    2.4084270311805564e-001 -5.4033246043040695e-001
    -1.3379421882369056e+000 -1.1561712748335924e+002
    1.0395657278960472e+002 3.5381759966242299e+002
    7.2944877669634076e-002 2.8209801840122961e-001
    3.1103498604703406e+000 1.1599628599442666e+002
    1.0242819068514484e+002 2.9875148475971594e+002
    -1.6409350638367004e-001 -5.9930636638834656e-001
    -3.0217492824794125e+000 1.2803551090969108e+002
    7.4527484114709708e+001 2.7778551126205542e+002
    2.2646988000336632e-001 5.7974527627055350e-001
    2.6855980476938597e+000 1.2166997140664631e+002
    -2.0605012462446974e+000 2.9379237938592803e+002
    -4.1639295751591687e-001 1.2899249638339402e-001
    2.9480667927390432e+000 1.7091452772866492e+002
    4.3117892078021519e+001 3.3978163390246630e+002
    3.0252185432745776e-001 -5.8264334302604595e-002
    -2.6833475204017661e+000 9.2436498795858554e+001
    1.4823662923513615e+002 3.9541432604052989e+002
    -6.6119825955411205e-003 4.1339842457583809e-001
    -2.7272149681589695e+000 1.0720254169394774e+002
    1.5596862088521507e+002 4.0344338031197469e+002
    4.0744382883305263e-001 5.0124626801695782e-001
    2.5756808642147426e+000 1.5403567882770142e+002
    -1.0913754336910765e+001 3.0997088097309774e+002</data></Extrinsic_Parameters>
