<?xml version="1.0"?>
<opencv_storage>
<calibration_Time>""</calibration_Time>
<nrOfFrames>20</nrOfFrames>
<image_Width>640</image_Width>
<image_Height>480</image_Height>
<board_Width>14</board_Width>
<board_Height>9</board_Height>
<square_Size>22.</square_Size>
<FixAspectRatio>1.</FixAspectRatio>
<!-- flags:  +fix_aspectRatio +zero_tangent_dist -->
<flagValue>10</flagValue>
<Camera_Matrix type_id="opencv-matrix">
  <rows>3</rows>
  <cols>3</cols>
  <dt>d</dt>
  <data>
    5.0371706713096603e+002 0. 3.1002660178905165e+002 0.
    5.0371706713096603e+002 2.4091158000849637e+002 0. 0. 1.</data></Camera_Matrix>
<Distortion_Coefficients type_id="opencv-matrix">
  <rows>5</rows>
  <cols>1</cols>
  <dt>d</dt>
  <data>
    6.2361956758674432e-002 -1.8044232437194951e-001 0. 0.
    1.4115801956269822e-001</data></Distortion_Coefficients>
<Avg_Reprojection_Error>5.3820955356318456e-001</Avg_Reprojection_Error>
<Per_View_Reprojection_Errors type_id="opencv-matrix">
  <rows>20</rows>
  <cols>1</cols>
  <dt>f</dt>
  <data>
    1.91090703e-001 1.73489377e-001 5.18023014e-001 3.55259866e-001
    3.97957444e-001 4.15999025e-001 7.66167998e-001 8.51414204e-001
    4.92196232e-001 4.67761904e-001 5.30426383e-001 4.13329244e-001
    6.25609398e-001 9.94869649e-001 2.24839926e-001 4.77293462e-001
    5.84733903e-001 5.28511941e-001 5.47417879e-001 4.41817552e-001</data></Per_View_Reprojection_Errors>
<!-- a set of 6-tuples (rotation vector + translation vector) for each view -->
<Extrinsic_Parameters type_id="opencv-matrix">
  <rows>20</rows>
  <cols>6</cols>
  <dt>d</dt>
  <data>
    2.7272255840499301e-002 -9.1605136263152614e-002
    -1.2608419043934133e-002 -1.3470301827745931e+002
    -8.5401969043883938e+001 2.6587534810589796e+002
    -1.8036616240021677e-001 -1.0123106701858404e-001
    1.0263278634693623e-001 -1.2096569765903755e+002
    -9.6870916784737645e+001 2.9355485167735088e+002
    -4.2358671187241415e-001 -3.6319977407131998e-002
    1.3399640762595511e-001 -1.1660612202944833e+002
    -1.0511212114801953e+002 3.6194771047390446e+002
    -3.7000062249835491e-001 -3.9890635672153911e-003
    3.1114486244572159e-001 -8.1143754855441315e+001
    -1.4300931647853147e+002 3.6343566981974413e+002
    -3.7444303811580687e-001 3.5705824245653092e-002
    5.3048083131327517e-001 -3.9433832473152712e+001
    -1.6391518698229822e+002 4.1335543712240849e+002
    -3.1689591697674896e-001 5.1877101965270317e-002
    8.8346292123462533e-001 3.7263624455542917e+001
    -1.8420584439943610e+002 4.5596224210841854e+002
    -2.5064500939836021e-001 -3.1240216223232337e-002
    1.3154492164610716e+000 1.3396683280690090e+002
    -1.8712666879272285e+002 4.4472770010975427e+002
    3.8486807429434078e-001 -2.2972554734193389e-002
    1.6699745847215710e+000 1.6219109130262061e+002
    -1.1991749652782337e+002 3.4408695058109981e+002
    3.6524896421257180e-001 -1.6684022858656722e-001
    2.3171955651767336e-002 -1.2318369198331686e+002
    -7.9837772185067394e+001 2.6633599821366414e+002
    4.5622822550749365e-001 -2.0671918756050625e-001
    2.3259688436211711e-003 -1.1896085981901901e+002
    -4.9165398426003748e+001 2.4333115411754380e+002
    2.5389001111153681e-001 9.9701806134045057e-002
    -2.5650120150860556e-001 -1.4745496888821307e+002
    -4.3693185324074470e+001 3.5128213427687956e+002
    1.9048510111701222e-001 1.4838557797976934e-001
    -6.4156144365746248e-001 -1.1863405318793166e+002
    3.1388613787428810e+001 4.2303158742738549e+002
    2.1060916894408049e-001 -6.9042234124990207e-002
    -1.1574406544817848e+000 -1.6749316472417271e+002
    1.1042385867592955e+002 4.0200623919550242e+002
    2.5447306984997492e-001 -1.8964856948231620e-001
    -1.5040070882193128e+000 -1.6533934413584461e+002
    1.4646945326719796e+002 3.9033372525649440e+002
    1.3218056603422437e-001 -1.6863418616842293e-001
    -4.6366159574957400e-001 -1.7393537030837237e+002
    -6.6426389784937481e+000 3.3346548972575101e+002
    8.2212390740001945e-002 2.5526589992308818e-001
    2.0759468041146018e-001 -1.1712215027016144e+002
    -1.3555934842288221e+002 3.6579359300703936e+002
    2.4910866003652490e-001 3.3431022464638382e-001
    2.8948489169557621e+000 1.3874224178460315e+002
    2.4991829126880212e+001 3.1651189468829949e+002
    -3.5129545392853906e-001 4.8820611145157405e-001
    -2.9572309998256952e+000 1.2040423871032742e+002
    1.0987489565311978e+002 3.2681670361213281e+002
    -4.3601928515126431e-001 6.6992960111211663e-001
    -2.7791297617191191e+000 1.0008846228930349e+002
    1.1996258852464970e+002 3.4447677740795871e+002
    3.1493148942046140e-001 -1.1437414921404099e-001
    2.3171755997456478e-001 -1.0466539162049011e+002
    -8.7570290760736839e+001 2.6860934947843413e+002</data></Extrinsic_Parameters>
