<?xml version="1.0"?>
<opencv_storage>
<calibration_Time>""</calibration_Time>
<nrOfFrames>16</nrOfFrames>
<image_Width>1280</image_Width>
<image_Height>720</image_Height>
<board_Width>14</board_Width>
<board_Height>9</board_Height>
<square_Size>22.</square_Size>
<FixAspectRatio>1.</FixAspectRatio>
<!-- flags:  +fix_aspectRatio +zero_tangent_dist -->
<flagValue>10</flagValue>
<Camera_Matrix type_id="opencv-matrix">
  <rows>3</rows>
  <cols>3</cols>
  <dt>d</dt>
  <data>
    7.5738410215624651e+002 0. 6.3987718247317696e+002 0.
    7.5738410215624651e+002 3.6241664923176353e+002 0. 0. 1.</data></Camera_Matrix>
<Distortion_Coefficients type_id="opencv-matrix">
  <rows>5</rows>
  <cols>1</cols>
  <dt>d</dt>
  <data>
    6.5791596250304799e-002 -1.6769201949730991e-001 0. 0.
    1.0634998892300911e-001</data></Distortion_Coefficients>
<Avg_Reprojection_Error>4.4786921881646324e-001</Avg_Reprojection_Error>
<Per_View_Reprojection_Errors type_id="opencv-matrix">
  <rows>16</rows>
  <cols>1</cols>
  <dt>f</dt>
  <data>
    4.11294520e-001 7.14228272e-001 2.23109871e-001 2.51785159e-001
    5.23905814e-001 6.44384801e-001 2.46910065e-001 2.71743000e-001
    5.44784606e-001 3.21881115e-001 3.55816185e-001 2.28744298e-001
    4.43986624e-001 7.21409559e-001 3.94224852e-001 3.74321550e-001</data></Per_View_Reprojection_Errors>
<!-- a set of 6-tuples (rotation vector + translation vector) for each view -->
<Extrinsic_Parameters type_id="opencv-matrix">
  <rows>16</rows>
  <cols>6</cols>
  <dt>d</dt>
  <data>
    1.2154381916727519e-001 6.0779203749268644e-002
    -6.2736178682695973e-002 -1.5624677336420916e+002
    -7.0581593334361244e+001 2.7063962075020754e+002
    2.9554328963916826e-001 2.4338993848998142e-002
    -1.5537084565783175e-002 -1.6253372660832724e+002
    -7.5293429806629732e+001 2.5059284776326405e+002
    -1.6408989676103955e-001 -2.0762937128950201e-001
    -2.1068905876926021e+000 7.7146190873179165e+001
    1.3756041393513183e+002 3.8045507920018696e+002
    -4.1639005007115382e-001 -8.4325666848471670e-001
    -2.9862161767714097e+000 1.4240918523450236e+002
    7.7100758189955272e+001 2.2584670174985413e+002
    3.4696793288875427e-001 4.0257083548251943e-002
    -2.3634588214949154e-001 -1.6509767310682224e+002
    -3.6896497140379502e+001 2.9371432718673850e+002
    2.9930708414554158e-001 9.1983296753143248e-002
    -4.9155743962843756e-001 -1.4517184487275426e+002
    1.5354011142235771e+001 3.5916889093743100e+002
    4.5705388440874428e-001 -2.5145861640058113e-002
    -4.0261981524401430e-001 -1.7627754705844498e+002
    3.0797883647581088e+000 3.1495025322176451e+002
    3.4825272806440155e-001 1.2611781683706139e-001
    -9.3284464375963150e-001 -6.6507669547923584e+001
    8.8797708169762856e+001 4.0832056366785474e+002
    -3.2205124715137828e-001 2.1269925692093677e-001
    -1.5615639897499596e+000 -2.8842630485882248e+000
    1.4202983250256523e+002 4.1567788133945663e+002
    8.3302623960153123e-003 4.8650380371831681e-001
    -2.6152077899428049e-002 -3.6736747557701428e+001
    -5.7787362050109017e+001 4.4316787401471009e+002
    4.7606023563971422e-002 2.0079133604471111e-001
    -2.6178668877167310e-001 -2.0150881111571900e+002
    -2.5024193349887504e+001 3.5899363348342172e+002
    1.4390332540221093e-001 -9.1199120615089724e-003
    -5.3604215893328744e-001 -2.5817288344688865e+002
    9.3857976260466582e+000 3.8447017194504087e+002
    -2.7584258453269594e-001 -3.0035176248989875e-001
    -3.0919259635351852e+000 1.2947100868133748e+002
    7.1130982548821407e+001 2.6139975304886946e+002
    5.5058056492179996e-001 7.9828999585727567e-001
    2.7572653006278993e+000 1.5613136801864641e+002
    2.0463748310478593e+001 2.3700309630446549e+002
    2.1696206601813879e-002 -5.2131625825976513e-001
    -1.2885878578489354e-001 -5.0148502205650693e+001
    -8.3714974242891898e+001 2.4353801569775047e+002
    4.7860303189249276e-002 -2.9686668802547755e-001
    -3.8062329794515362e-002 -8.0812619851681646e+001
    -8.0809271984750609e+001 2.4389903729878083e+002</data></Extrinsic_Parameters>
