<?xml version="1.0"?>
<opencv_storage>
<calibration_Time>""</calibration_Time>
<nrOfFrames>20</nrOfFrames>
<image_Width>640</image_Width>
<image_Height>480</image_Height>
<board_Width>14</board_Width>
<board_Height>9</board_Height>
<square_Size>22.</square_Size>
<FixAspectRatio>1.</FixAspectRatio>
<!-- flags:  +fix_aspectRatio +zero_tangent_dist -->
<flagValue>10</flagValue>
<Camera_Matrix type_id="opencv-matrix">
  <rows>3</rows>
  <cols>3</cols>
  <dt>d</dt>
  <data>
    5.0906415678615934e+002 0. 3.1699887730047078e+002 0.
    5.0906415678615934e+002 2.6367408754449980e+002 0. 0. 1.</data></Camera_Matrix>
<Distortion_Coefficients type_id="opencv-matrix">
  <rows>5</rows>
  <cols>1</cols>
  <dt>d</dt>
  <data>
    9.2540212795037893e-002 -2.8401267902083766e-001 0. 0.
    3.2998319242435653e-001</data></Distortion_Coefficients>
<Avg_Reprojection_Error>7.6842718505865160e-001</Avg_Reprojection_Error>
<Per_View_Reprojection_Errors type_id="opencv-matrix">
  <rows>20</rows>
  <cols>1</cols>
  <dt>f</dt>
  <data>
    9.53506351e-001 8.91949594e-001 8.28946531e-001 8.36318016e-001
    8.60134721e-001 9.09519732e-001 9.34129000e-001 8.78635645e-001
    7.80159354e-001 5.10259449e-001 5.94538271e-001 8.76317084e-001
    5.73895931e-001 5.12549818e-001 5.05488038e-001 7.54786909e-001
    7.82945991e-001 7.99691200e-001 6.03664219e-001 6.94259286e-001</data></Per_View_Reprojection_Errors>
<!-- a set of 6-tuples (rotation vector + translation vector) for each view -->
<Extrinsic_Parameters type_id="opencv-matrix">
  <rows>20</rows>
  <cols>6</cols>
  <dt>d</dt>
  <data>
    9.6782553135506544e-002 -8.4302305296011987e-002
    3.1382059113117179e-002 -1.0464651638910063e+002
    -1.0901842670897307e+002 4.0164538327953846e+002
    3.9020360329417976e-002 -2.7783284209288955e-001
    7.0985932261079659e-002 -1.8598770869045927e+002
    -9.2811931748172270e+001 3.8172007188085172e+002
    1.3744792899234690e-001 -5.2236661067669277e-001
    1.0478108989781301e-001 -1.8595996307300067e+002
    -1.1809753788234592e+002 3.8674254118136338e+002
    2.5445316236689908e-001 3.1725436803996304e-001
    -7.1246759672732113e-002 -8.3495048644307545e+001
    -1.5859716057300730e+002 5.1196713209202858e+002
    1.8080260621835142e-001 5.3740905779297909e-001
    -3.3555757389121990e-002 1.8489823187066722e+001
    -1.6893621263485852e+002 6.5073315367593284e+002
    1.6347861543105288e-002 -4.9327352953616163e-002
    -6.3605540130634755e-002 -1.2051152686045504e+002
    -4.2458754583911450e+001 4.1791495268731182e+002
    -2.0118090672420005e-001 -1.1807125387247046e-001
    -1.0766703237984711e-001 -1.2849917984426062e+002
    -4.8079057926379200e+001 4.1437140859307749e+002
    3.7322722601600300e-001 -5.4617226743359591e-003
    -1.9643840796471461e-002 -1.2906387194731079e+002
    -1.2881270445262726e+002 4.1019932484596518e+002
    5.1237656798089304e-001 6.1962503103970841e-002
    6.6383612156931246e-003 -1.1883606686260168e+002
    -1.0767995283827413e+002 4.3113757767181295e+002
    1.3292210690421627e-001 -1.8426685012608018e-001
    7.2263988674788393e-001 -8.7993711240535816e+001
    -1.6861392151195216e+002 4.5097590439012242e+002
    1.9425947028587742e-001 -8.2295304247036821e-002
    1.0651779634889533e+000 8.4858701051092531e+000
    -1.7533099942263291e+002 4.6128247021742573e+002
    2.3520547792145893e-001 -7.9905410121587625e-002
    1.5693970472671055e+000 5.6093955279549583e+001
    -1.7108165552352628e+002 4.4015523913960573e+002
    1.7930784879127823e-001 -2.4455730587947293e-002
    2.1187411262473139e+000 9.6894222760608258e+001
    -1.0268535978272696e+002 4.5401090408188293e+002
    4.0704176132572351e-001 1.0631933709682818e-001
    2.2653885528201205e+000 1.8274763270874195e+002
    -6.6632906499312327e+001 4.2983036495490836e+002
    5.0633070500345656e-001 1.5510042857581785e-001
    2.4835296691016504e+000 2.0899515773765236e+002
    -2.1109170159619296e+001 4.4291216314444063e+002
    4.7858485205719309e-001 3.7796777564719730e-001
    2.8142614396231460e+000 1.9459123225898111e+002
    9.2547250051997381e+001 4.4459846502524624e+002
    4.9427771270717741e-001 6.4234398323408703e-001
    3.0348550116744826e+000 1.3501584156714299e+002
    1.1834775075156236e+002 4.3272975019186509e+002
    1.6502923314622814e-001 -1.2647651464043608e-001
    -2.0922172926521967e-001 -1.3254454650943646e+002
    -9.5298830787932616e+001 3.8395059486541743e+002
    9.7746781355643866e-002 -2.7320734610337299e-001
    -4.6935085849086255e-001 -2.0468824426098055e+002
    -2.3391619195364221e+001 3.9247193898562972e+002
    -2.4868687417073371e-001 -1.9340824122263350e-001
    -2.7645158344384275e+000 1.3479690770795932e+002
    1.3532049643991914e+002 4.2928370353853080e+002</data></Extrinsic_Parameters>
