<?xml version="1.0"?>
<opencv_storage>
<calibration_Time>l</calibration_Time>
<nrOfFrames>13</nrOfFrames>
<image_Width>1280</image_Width>
<image_Height>720</image_Height>
<board_Width>14</board_Width>
<board_Height>9</board_Height>
<square_Size>22.</square_Size>
<FixAspectRatio>1.</FixAspectRatio>
<!-- flags:  +fix_aspectRatio +zero_tangent_dist -->
<flagValue>10</flagValue>
<Camera_Matrix type_id="opencv-matrix">
  <rows>3</rows>
  <cols>3</cols>
  <dt>d</dt>
  <data>
    7.5580155128943250e+002 0. 6.1510371032906698e+002 0.
    7.5580155128943250e+002 3.5927635033542600e+002 0. 0. 1.</data></Camera_Matrix>
<Distortion_Coefficients type_id="opencv-matrix">
  <rows>5</rows>
  <cols>1</cols>
  <dt>d</dt>
  <data>
    5.4086186925403068e-002 -1.4451368610242063e-001 0. 0.
    9.1067753847625499e-002</data></Distortion_Coefficients>
<Avg_Reprojection_Error>5.4742924224931555e-001</Avg_Reprojection_Error>
<Per_View_Reprojection_Errors type_id="opencv-matrix">
  <rows>13</rows>
  <cols>1</cols>
  <dt>f</dt>
  <data>
    1.22530568e+000 5.90834916e-001 5.12201607e-001 5.66151142e-001
    6.44852281e-001 1.95094094e-001 3.76912445e-001 2.89768517e-001
    4.35745090e-001 1.77486584e-001 4.51997578e-001 3.36491138e-001
    4.93617654e-001</data></Per_View_Reprojection_Errors>
<!-- a set of 6-tuples (rotation vector + translation vector) for each view -->
<Extrinsic_Parameters type_id="opencv-matrix">
  <rows>13</rows>
  <cols>6</cols>
  <dt>d</dt>
  <data>
    4.4204417982635384e-003 -7.4383105996590378e-003
    4.0107406708229281e-003 -1.2902690115648724e+002
    -9.3332000506160668e+001 2.5338619381247088e+002
    5.3555581292264794e-002 -3.1836702983766502e-001
    6.6741561011927242e-002 -2.0304235314654275e+002
    -9.1481413747385545e+001 3.0009753273393318e+002
    2.9339604930197100e-001 -6.4588310581355137e-003
    4.2083421923081336e-002 -1.6931167627628270e+002
    -8.2577300836524742e+001 2.5688715975943302e+002
    1.3283133296508284e-001 4.6729081070342904e-002
    -2.3856868071599449e-001 -1.4849641399015678e+002
    -3.8206201222775540e+001 3.3510252480195197e+002
    1.3994610368615562e-001 6.7848567204709304e-002
    2.8645896633036383e-001 -1.0214845498665366e+002
    -1.1759103699164538e+002 3.3839790472997635e+002
    5.4091196227726478e-002 -3.0914013361332082e-001
    6.8149422071973484e-002 -1.1777153336598451e+002
    -9.1951088824522287e+001 2.7961771458132745e+002
    6.7995745665873797e-002 -2.5364551300354876e-001
    2.1680862045802704e-002 -1.7876675178028620e+001
    -8.3873625085018915e+001 2.7371661736315815e+002
    1.2581385581521887e-001 4.0863152678616754e-001
    2.4322569059697027e-002 -5.6788013107149055e+001
    -9.3573732652337441e+001 3.8641124085658402e+002
    1.0125370209277681e-001 3.8465687818673816e-001
    7.2435844439432739e-002 -1.2782851915489067e+002
    -1.0329393809726555e+002 3.9103398978257690e+002
    8.6409317997911794e-002 2.4891965305340968e-001
    8.1352215831793306e-002 -2.5318180918113666e+002
    -1.0796155089614129e+002 3.7193989648302744e+002
    -2.7477360944947365e-001 -2.7541868472269388e-003
    -5.8408177195792624e-003 -1.8371523462189208e+002
    -9.1175443770823236e+001 3.0965495740861957e+002
    -2.6734764825980140e-001 9.3318156511588979e-002
    -6.9154574908476211e-003 -9.8653450757800456e+001
    -8.9486752265633697e+001 3.2008146263979609e+002
    3.0581166505906798e-001 1.5909542663622986e-001
    -1.6652191812315951e-002 -1.0614838247457897e+002
    -7.8212416815716352e+001 2.8409839062159000e+002</data></Extrinsic_Parameters>
<Image_points type_id="opencv-matrix">
  <rows>13</rows>
  <cols>126</cols>
  <dt>"2f"</dt>
  <data>
    2.26758713e+002 8.03766022e+001 2.93240570e+002 8.05985184e+001
    3.59470490e+002 8.11192627e+001 4.25726898e+002 8.16865005e+001
    4.91907715e+002 8.22191391e+001 5.58093384e+002 8.28032455e+001
    6.23961121e+002 8.33361282e+001 6.89888306e+002 8.35884705e+001
    7.55434265e+002 8.42833786e+001 8.21262573e+002 8.45395660e+001
    8.86624451e+002 8.51964722e+001 9.52007019e+002 8.56284943e+001
    1.01643713e+003 8.66596603e+001 1.08067920e+003 8.73760223e+001
    2.26658463e+002 1.46383820e+002 2.92846710e+002 1.46666565e+002
    3.59265808e+002 1.47230377e+002 4.25645813e+002 1.47743683e+002
    4.91829895e+002 1.48273575e+002 5.57802673e+002 1.48902924e+002
    6.23617493e+002 1.49264618e+002 6.89462402e+002 1.49875916e+002
    7.55217651e+002 1.49748901e+002 8.20723877e+002 1.50248108e+002
    8.86303101e+002 1.50548859e+002 9.51551941e+002 1.51079163e+002
    1.01652991e+003 1.51459808e+002 1.08092188e+003 1.52579956e+002
    2.26502777e+002 2.12370956e+002 2.92776276e+002 2.12623138e+002
    3.59212402e+002 2.13184677e+002 4.25577637e+002 2.13598206e+002
    4.91718170e+002 2.14095276e+002 5.57549011e+002 2.14679291e+002
    6.23330078e+002 2.15135498e+002 6.89112366e+002 2.15225555e+002
    7.54549438e+002 2.15560165e+002 8.20223511e+002 2.15751541e+002
    8.86030029e+002 2.16083069e+002 9.51370422e+002 2.16165054e+002
    1.01620508e+003 2.16820786e+002 1.08110876e+003 2.17028641e+002
    2.26464645e+002 2.78033325e+002 2.92991882e+002 2.78470062e+002
    3.59224457e+002 2.78657043e+002 4.25596222e+002 2.79257111e+002
    4.91675507e+002 2.79529999e+002 5.57538330e+002 2.80039307e+002
    6.23230591e+002 2.80199280e+002 6.88579285e+002 2.80570038e+002
    7.54196045e+002 2.80676422e+002 8.20015503e+002 2.80941284e+002
    8.85589050e+002 2.80972900e+002 9.50917053e+002 2.81441101e+002
    1.01610724e+003 2.81595459e+002 1.08099500e+003 2.82108887e+002
    2.26487015e+002 3.43541473e+002 2.92969971e+002 3.43745087e+002
    3.59120331e+002 3.44062775e+002 4.25564575e+002 3.44424469e+002
    4.91648682e+002 3.44575378e+002 5.57449768e+002 3.45019531e+002
    6.23108093e+002 3.45151855e+002 6.88401184e+002 3.45389679e+002
    7.54149475e+002 3.45763306e+002 8.19521423e+002 3.45870392e+002
    8.85187988e+002 3.46179565e+002 9.50637939e+002 3.46261749e+002
    1.01580109e+003 3.46625916e+002 1.08060156e+003 3.46748535e+002
    2.26377548e+002 4.08948395e+002 2.92755219e+002 4.09106415e+002
    3.59122803e+002 4.09271973e+002 4.25420471e+002 4.09491333e+002
    4.91518433e+002 4.09615509e+002 5.57229187e+002 4.09839355e+002
    6.22673889e+002 4.10009735e+002 6.88232422e+002 4.10265381e+002
    7.53622681e+002 4.10528717e+002 8.19401489e+002 4.11117188e+002
    8.84701172e+002 4.11239227e+002 9.50411377e+002 4.11486298e+002
    1.01558972e+003 4.11515320e+002 1.08027295e+003 4.12026672e+002
    2.26220947e+002 4.74095032e+002 2.92446625e+002 4.74335846e+002
    3.58708496e+002 4.74375702e+002 4.24979889e+002 4.74550751e+002
    4.91137726e+002 4.74540436e+002 5.56664490e+002 4.74626404e+002
    6.22516357e+002 4.74961823e+002 6.87868347e+002 4.75253357e+002
    7.53328247e+002 4.75448029e+002 8.19226379e+002 4.75794373e+002
    8.84735657e+002 4.76336304e+002 9.49747620e+002 4.76410065e+002
    1.01521429e+003 4.76759705e+002 1.07990625e+003 4.76528992e+002
    2.26282120e+002 5.39215698e+002 2.92335785e+002 5.39403442e+002
    3.58531311e+002 5.39584778e+002 4.24579742e+002 5.39578552e+002
    4.90593079e+002 5.39658264e+002 5.56539307e+002 5.39598022e+002
    6.22245605e+002 5.39791504e+002 6.87725586e+002 5.40185974e+002
    7.53330566e+002 5.40372437e+002 8.19009338e+002 5.40726318e+002
    8.84216309e+002 5.41093872e+002 9.49689026e+002 5.41435181e+002
    1.01461865e+003 5.41287476e+002 1.07931665e+003 5.41525513e+002
    2.26525757e+002 6.04215515e+002 2.92382385e+002 6.04538208e+002
    3.58527924e+002 6.04616882e+002 4.24483795e+002 6.04712769e+002
    4.90531769e+002 6.04742188e+002 5.56377563e+002 6.04854919e+002
    6.22150757e+002 6.05193298e+002 6.87623596e+002 6.05212219e+002
    7.53367188e+002 6.05511108e+002 8.18712952e+002 6.05656128e+002
    8.84359985e+002 6.06153381e+002 9.49166687e+002 6.06067688e+002
    1.01442560e+003 6.06149780e+002 1.07842358e+003 6.05603210e+002
