<?xml version="1.0"?>
<opencv_storage>
<calibration_Time>""</calibration_Time>
<nrOfFrames>18</nrOfFrames>
<image_Width>1280</image_Width>
<image_Height>720</image_Height>
<board_Width>14</board_Width>
<board_Height>9</board_Height>
<square_Size>22.</square_Size>
<FixAspectRatio>1.</FixAspectRatio>
<!-- flags:  +fix_aspectRatio +zero_tangent_dist -->
<flagValue>10</flagValue>
<Camera_Matrix type_id="opencv-matrix">
  <rows>3</rows>
  <cols>3</cols>
  <dt>d</dt>
  <data>
    7.5386780099718044e+002 0. 6.2330943489788137e+002 0.
    7.5386780099718044e+002 3.4611641194095859e+002 0. 0. 1.</data></Camera_Matrix>
<Distortion_Coefficients type_id="opencv-matrix">
  <rows>5</rows>
  <cols>1</cols>
  <dt>d</dt>
  <data>
    4.8329970779745907e-002 -1.2243356608084287e-001 0. 0.
    7.8544491725364290e-002</data></Distortion_Coefficients>
<Avg_Reprojection_Error>3.4098373390926506e-001</Avg_Reprojection_Error>
<Per_View_Reprojection_Errors type_id="opencv-matrix">
  <rows>18</rows>
  <cols>1</cols>
  <dt>f</dt>
  <data>
    5.38883805e-001 1.93850398e-001 2.86478788e-001 1.46000430e-001
    2.52745241e-001 3.04178685e-001 2.87079871e-001 1.75875813e-001
    7.35243320e-001 2.48599917e-001 3.28135818e-001 3.00224453e-001
    2.05897018e-001 1.79799750e-001 1.56769127e-001 1.78417414e-001
    3.06699663e-001 6.05275393e-001</data></Per_View_Reprojection_Errors>
<!-- a set of 6-tuples (rotation vector + translation vector) for each view -->
<Extrinsic_Parameters type_id="opencv-matrix">
  <rows>18</rows>
  <cols>6</cols>
  <dt>d</dt>
  <data>
    -2.2346655556102466e-002 -8.4409217316842075e-002
    2.1775158461611169e-002 -1.0115796456300069e+002
    -8.7035140562570021e+001 2.5207873972400907e+002
    -2.9058245644061587e-001 -6.3026843805149960e-002
    7.7096807448801957e-002 -8.7421024986261941e+001
    -9.6727365896454259e+001 2.9427111355683746e+002
    2.3500156849716636e-001 3.7921238678585927e-002
    2.6418102714075198e-001 -7.2300142487569062e+001
    -9.9447614653791220e+001 3.1801802112955596e+002
    2.5494517712151560e-001 -1.9505216854265889e-002
    1.2787156400058490e+000 1.1786921584469285e+002
    -1.2905933322369441e+002 3.9683957446822126e+002
    2.6945834866513102e-001 -5.1563522553159075e-002
    1.5242177058854500e+000 1.3163975576183441e+002
    -1.1083883775169149e+002 3.9906598168749798e+002
    -2.5161424618108186e-001 -2.4407792028100042e-001
    4.7964122774186921e-002 -1.1309209112305928e+002
    -9.2662459963184276e+001 2.7902321073488980e+002
    -2.2722949934740674e-001 -3.3985568306595398e-001
    3.0218741574950751e-002 -1.2972004572488416e+002
    -9.4096456972748712e+001 2.7879508986312743e+002
    -2.1973515934824847e-001 -3.7920653773292218e-001
    1.5121368563230051e-002 -1.3856182354664733e+002
    -9.3828710264516189e+001 2.7750132422263249e+002
    -6.6330066421589990e-003 2.1291023448041574e-001
    -6.7617516960736895e-002 -1.0136980283785877e+002
    -7.1322087730630074e+001 3.5113866354581097e+002
    -2.3235009118788202e-002 2.8668104800354871e-001
    -2.3850608365091810e-001 -9.5056015809599870e+001
    -3.5028841324512328e+001 3.7634457416740452e+002
    -3.6920934332007917e-002 2.5899517104729602e-001
    -2.7594136326189639e-001 -1.0316981480353822e+002
    -2.2824857152274205e+001 3.7849959165518487e+002
    2.6994161035021902e-001 4.2662940582525941e-002
    -3.0830377154651430e-002 -8.3415259464098028e+001
    -6.9266796902596639e+001 3.0160824377455566e+002
    2.2713178934513140e-001 4.7566544373037513e-002
    -2.6969722557826370e-001 -1.0408343997559325e+002
    -2.0685177252905895e+001 3.2793119470328304e+002
    4.1859372601502293e-001 7.6086340973056665e-002
    1.6198405116759997e+000 2.4658167378977419e+002
    -9.2997115884229174e+001 3.7272678170295984e+002
    4.1985801811321466e-001 4.1191742219173287e-002
    2.3815702284495832e+000 1.8902068933594930e+002
    -4.6087971367168832e+000 3.9231870141689501e+002
    -1.5671422861457718e-001 1.5002273643176525e-001
    -3.0214640124117813e+000 -1.3532258063011108e+001
    8.2088865180706080e+001 3.9698317906845949e+002
    -4.4322552851407182e-001 -2.4995012258651646e-002
    -3.0478393248917666e+000 6.4714223473124292e+001
    1.2989365841957374e+002 3.6511358032081966e+002
    -1.0993487495077127e-001 4.9388014332726882e-002
    1.6553825947929363e-001 2.5392522661987376e+000
    -7.6468162054878647e+001 4.1757498022876581e+002</data></Extrinsic_Parameters>
