每幅图像的标定误差：
第1幅图像的平均误差：0.516904像素
第2幅图像的平均误差：0.614335像素
第3幅图像的平均误差：0.502212像素
第4幅图像的平均误差：0.536446像素
第5幅图像的平均误差：0.507515像素
第6幅图像的平均误差：0.486326像素
第7幅图像的平均误差：0.558966像素
第8幅图像的平均误差：0.533201像素
第9幅图像的平均误差：0.549019像素
第10幅图像的平均误差：0.610969像素
第11幅图像的平均误差：0.555962像素
第12幅图像的平均误差：0.527664像素
第13幅图像的平均误差：0.510322像素
第14幅图像的平均误差：0.50094像素
总体平均误差：0.536484像素

相机内参数矩阵：
[1404.301464037759, 0, 615.802069602196;
 0, 1408.256656922631, 339.7994434183557;
 0, 0, 1]

畸变系数：
[-0.4432836554055214, 0.44834903270408, -0.0008076318909730519, -0.004013115215051138, 0.8668211330541649]


第1幅图像的旋转向量：
[-2.284303091229125;
 -2.259254683372803;
 0.2329973890203995]
第1幅图像的旋转矩阵：
[0.007313168116175661, 0.9988868206874009, -0.04660082648538105;
 0.9873731856093717, -0.01458780260941694, -0.1577383541014343;
 -0.1582425666870496, -0.04485883939698764, -0.9863807452582648]
第1幅图像的平移向量：
[-48.01315152682444;
 -16.80045767369132;
 163.1802855101162]

第2幅图像的旋转向量：
[-2.304049300994613;
 -2.269799515802295;
 0.2138447859553]
第2幅图像的旋转矩阵：
[0.013017440824174, 0.999631572023313, -0.02381735603690281;
 0.9864903617471178, -0.01672908856275324, -0.1629628907938855;
 -0.1633012933642272, -0.0213742323852584, -0.9863446810195265]
第2幅图像的平移向量：
[-51.98828808378416;
 -18.12996332292527;
 162.1849870874895]

第3幅图像的旋转向量：
[-2.231092699649562;
 -2.203267618519944;
 0.3317887897260319]
第3幅图像的旋转矩阵：
[0.001371239802938629, 0.9900311672933612, -0.1408417817593457;
 0.9876025885475835, -0.02344856847157195, -0.1552136969817613;
 -0.1569689357660134, -0.138882873041921, -0.9777894971721198]
第3幅图像的平移向量：
[-17.74863110396855;
 -24.49248315783139;
 165.6640417435281]

第4幅图像的旋转向量：
[2.250344708841788;
 2.227742044020964;
 -0.4925216944389402]
第4幅图像的旋转矩阵：
[-0.01275934922067612, 0.9656829368378151, -0.2594102243701219;
 0.9850376990312716, -0.03245195922854582, -0.1692560244995922;
 -0.1718660248409865, -0.2576884472430244, -0.9508200322157903]
第4幅图像的平移向量：
[23.11006051876782;
 -26.35526341774916;
 164.2937064853894]

第5幅图像的旋转向量：
[-2.029894908540073;
 -2.131146924348055;
 0.5363769942459726]
第5幅图像的旋转矩阵：
[-0.07316507129867977, 0.9345025073868253, -0.3483560477867381;
 0.9880686598848546, 0.02045549065025154, -0.1526495864901224;
 -0.1355256274481212, -0.3553683111786904, -0.9248492675646116]
第5幅图像的平移向量：
[33.21976673565666;
 -26.47401937642987;
 161.4048811005454]

第6幅图像的旋转向量：
[-2.030754054836713;
 -2.125458656532801;
 0.4463942603787078]
第6幅图像的旋转矩阵：
[-0.0595285585420795, 0.9444126994175038, -0.3233280128551276;
 0.9946921555006624, 0.02888729735999795, -0.09875747990244159;
 -0.08392774573017144, -0.3274907284644535, -0.9411195228378132]
第6幅图像的平移向量：
[35.89040322370945;
 -19.2901984925523;
 162.829860187984]

第7幅图像的旋转向量：
[2.173530825442671;
 2.310197062949944;
 -0.4203779953056409]
第7幅图像的旋转矩阵：
[-0.07620575800794971, 0.9724598291418356, -0.2202602169068789;
 0.9877149189954479, 0.04339954879967134, -0.1501190126459678;
 -0.1364255153563627, -0.2289942354501887, -0.9638203768806377]
第7幅图像的平移向量：
[9.158626322916112;
 -24.85361189346701;
 165.3342233309918]

第8幅图像的旋转向量：
[2.144034376351321;
 2.225477522390108;
 -0.287608354348187]
第8幅图像的旋转矩阵：
[-0.04515534519373421, 0.9938860103380093, -0.1007551152787238;
 0.9868467814178231, 0.02870790385308342, -0.159088925641118;
 -0.1552237894322831, -0.1066135765780153, -0.9821095257065404]
第8幅图像的平移向量：
[-15.94511707860946;
 -21.77144939809504;
 163.630822603624]

第9幅图像的旋转向量：
[-2.179740155158941;
 -2.317782338415137;
 0.1721853071581941]
第9幅图像的旋转矩阵：
[-0.06353554862869082, 0.9971235429671363, -0.04132643368495751;
 0.9922845251727159, 0.05870116596921271, -0.1092043690362847;
 -0.1064643375182945, -0.04794594012553018, -0.9931598721566783]
第9幅图像的平移向量：
[-35.70052787301023;
 -29.00398564940061;
 160.3320074541149]

第10幅图像的旋转向量：
[-2.240509254953087;
 -2.337578972413177;
 0.1520434157320512]
第10幅图像的旋转矩阵：
[-0.04189017863647959, 0.9990959721842402, 0.007242326907232491;
 0.9897398630104989, 0.04248677282686952, -0.1364180255784266;
 -0.1366024029867782, 0.001453444180325433, -0.9906248891473768]
第10幅图像的平移向量：
[-48.87888643820617;
 -24.44193661686881;
 157.3791261402732]

第11幅图像的旋转向量：
[-2.274234036605629;
 -2.333847440780083;
 0.08146786118593219]
第11幅图像的旋转矩阵：
[-0.02290224927419293, 0.998506036177027, 0.04961030836654278;
 0.9926163368142285, 0.02862351116586592, -0.1178707024584097;
 -0.1191146291086202, 0.04654449834919531, -0.9917889467047603]
第11幅图像的平移向量：
[-56.70169570283596;
 -26.26161529159092;
 155.88957320873]

第12幅图像的旋转向量：
[2.076703929198873;
 2.214355180667817;
 -0.3024483129396029]
第12幅图像的旋转矩阵：
[-0.07108039284265899, 0.9950882893764047, -0.06889756236090554;
 0.9771165333570689, 0.0555811619657115, -0.205314428803254;
 -0.2004765771694995, -0.08191477754644197, -0.9762679505268617]
第12幅图像的平移向量：
[-5.350661025343666;
 -23.74252287897577;
 203.6438302859108]

第13幅图像的旋转向量：
[1.952035593387549;
 1.941253611577413;
 0.4355465210612748]
第13幅图像的旋转矩阵：
[0.01264271839620523, 0.8910338051695517, 0.4537608618166883;
 0.999481923717976, 0.00217154019243937, -0.03211181362375434;
 -0.02959807143326018, 0.4539317596933068, -0.8905447275174726]
第13幅图像的平移向量：
[-30.31215332708565;
 -22.75764702830131;
 149.4983308787695]

第14幅图像的旋转向量：
[-2.022125726786729;
 -2.098509480516969;
 0.7059035022998589]
第14幅图像的旋转矩阵：
[-0.08485706147807626, 0.9055354008436844, -0.415698107929509;
 0.9726765360619054, -0.01520071743112539, -0.2316663427953915;
 -0.2161009840605053, -0.4239983207613525, -0.8795031487605001]
第14幅图像的平移向量：
[-4.809325052970327;
 -22.55050320713547;
 166.0675853359042]


